271 55
33 28 51 173
31 880 54 296
12 259 25 942
4 791 30 288
1 344 54 985
30 786 45 801
26 446 30 609
11 104 29 25
3 156 21 96
6 457 27 585
28 292 36 34
30 127 42 385
21 426 40 612
8 839 36 919
52 855 53 39
41 809 46 559
15 39 26 487
16 525 43 604
14 739 51 937
6 663 31 911
1 306 14 9
7 256 28 450
18 804 48 695
16 220 43 774
3 198 5 596
37 211 44 106
35 671 51 791
23 428 43 751
10 1000 13 88
16 355 35 475
9 341 36 818
36 543 52 150
8 472 16 376
10 175 32 109
25 114 27 69
40 577 54 255
18 514 40 881
28 507 33 502
16 580 47 587
5 40 30 30
9 419 37 911
8 989 17 654
20 234 27 245
32 868 43 850
0 953 23 348
43 499 49 829
14 224 26 556
13 158 41 378
1 544 38 776
6 47 14 533
23 978 27 985
31 958 39 642
11 445 20 838
14 675 45 762
0 55 27 915
18 23 37 626
5 446 21 362
4 310 28 359
19 760 39 63
1 658 33 645
28 172 30 10
4 805 27 985
7 684 37 399
10 160 54 46
27 711 35 319
18 131 39 271
23 224 28 237
12 193 41 578
1 164 49 514
32 460 46 237
36 469 47 97
16 241 29 130
11 493 22 921
15 442 51 421
14 275 48 162
28 305 51 698
13 222 53 867
20 929 53 960
3 815 49 900
12 19 44 14
16 378 52 471
17 413 38 639
45 406 54 94
7 815 30 928
18 393 30 266
38 561 50 435
2 411 38 863
5 593 40 687
13 307 27 701
15 362 54 109
1 564 29 199
22 505 53 610
20 823 52 904
34 295 51 41
24 580 49 977
25 583 34 104
10 591 33 158
27 681 41 116
17 833 22 764
1 383 41 929
20 700 38 927
2 125 3 885
30 480 53 537
17 855 34 351
25 950 53 287
19 986 24 263
21 530 27 689
20 237 32 365
3 761 36 933
29 900 49 956
0 677 17 708
6 585 54 609
32 381 35 290
5 75 42 680
2 198 44 59
7 361 53 447
2 725 40 879
37 996 38 1001
27 128 37 67
9 211 15 425
2 402 5 741
8 627 15 160
8 35 34 30
2 158 21 156
21 918 26 930
3 96 12 532
28 382 35 260
29 854 48 998
23 66 31 830
15 1000 43 978
19 648 22 125
13 424 38 589
24 55 33 541
1 700 18 877
17 325 47 142
16 962 21 401
19 770 21 95
24 248 52 527
17 704 40 359
11 772 15 183
1 427 26 534
4 649 25 830
16 617 27 829
13 977 39 998
2 629 48 921
20 145 35 76
21 114 41 463
12 683 20 517
23 239 26 146
10 170 12 322
13 13 53 729
28 509 39 706
48 625 52 61
18 85 45 99
35 947 53 968
3 806 24 918
11 167 18 91
4 637 27 689
23 440 26 999
21 555 30 145
29 753 48 785
46 876 49 890
37 308 41 994
3 817 31 967
26 210 38 260
4 671 54 26
14 127 51 99
46 727 48 974
2 329 50 91
4 790 21 324
21 241 54 367
2 293 25 475
13 487 24 9
43 905 52 986
7 108 40 959
6 434 38 987
13 162 30 122
13 541 42 939
6 308 36 475
9 719 49 814
26 348 30 160
33 816 35 955
27 229 53 597
45 733 54 101
37 954 38 987
5 316 35 243
7 727 24 429
19 395 43 271
37 607 53 838
20 372 46 182
1 927 21 545
0 262 50 12
13 155 25 457
16 750 41 839
17 988 41 996
5 34 45 156
30 461 34 72
12 781 39 879
11 770 36 976
19 56 47 52
33 843 36 899
25 130 46 77
0 918 46 664
10 134 37 97
0 38 9 14
4 84 34 85
1 581 2 136
46 912 54 921
11 266 41 973
1 860 29 249
26 155 35 106
4 652 20 284
29 381 38 170
31 892 53 990
0 695 53 761
2 901 16 979
31 140 37 108
19 883 32 316
2 864 42 866
5 609 16 581
4 637 21 634
3 352 39 603
4 459 46 78
43 498 53 228
8 440 46 412
22 828 39 940
9 42 18 364
16 445 32 916
12 471 23 594
20 508 45 728
36 874 52 562
21 192 36 900
15 705 53 833
14 805 42 941
8 337 51 346
19 940 51 727
2 652 34 1000
9 364 44 322
6 668 30 187
10 296 52 31
9 750 49 946
34 482 53 581
2 20 26 14
29 818 51 961
21 969 40 970
31 336 32 481
22 503 31 271
20 681 30 986
17 948 21 819
33 849 35 317
0 54 30 43
40 20 48 17
24 969 27 988
2 218 51 271
19 587 37 195
13 665 51 998
0 362 26 205
1 966 11 979
7 24 27 192
12 779 31 780
8 889 45 987
1 798 23 629
45 209 53 85
9 703 40 935
4 930 39 997
31 355 40 405
52 34 54 28
2 337 54 812
2 794 32 942
31 52 48 2
36 893 45 894
