1084 179
153 185 160 539
52 247 131 658
5 148 126 605
3 283 7 27
25 536 142 13
61 992 105 997
5 124 90 258
63 336 117 318
135 792 146 929
83 695 178 902
7 950 16 953
2 344 79 184
103 171 118 558
136 69 169 752
137 742 170 600
98 538 106 106
63 640 108 288
33 31 42 17
44 904 100 720
97 426 141 111
90 745 164 643
25 755 31 935
77 897 178 485
21 14 52 7
20 450 178 449
20 398 60 316
69 498 126 981
42 442 152 89
44 588 120 938
157 585 178 573
60 956 136 559
44 360 103 309
74 838 172 963
47 283 135 404
1 199 87 195
11 595 98 742
34 390 129 721
97 491 136 434
24 757 50 774
111 819 135 868
78 261 126 42
65 859 76 303
12 213 113 540
4 292 116 470
41 726 86 782
48 499 142 211
130 542 156 810
8 792 85 907
60 443 67 208
70 375 141 826
30 86 90 71
122 572 172 719
82 723 101 409
104 666 162 273
107 825 152 709
92 893 172 654
17 974 148 998
128 388 164 362
3 534 95 182
52 883 85 893
71 486 92 525
75 488 154 820
17 540 45 744
34 711 48 796
52 966 109 204
92 345 114 265
131 793 132 843
33 496 112 1
24 873 25 959
80 100 171 99
20 374 131 357
137 70 148 255
39 245 76 54
51 615 123 50
21 256 160 694
121 525 165 743
16 970 111 203
38 879 130 923
48 589 167 790
121 603 167 173
12 288 92 840
146 523 163 19
95 574 170 767
137 852 144 386
144 146 172 993
59 946 85 984
94 162 108 36
15 418 22 62
109 906 150 993
27 122 155 96
26 825 72 998
40 697 170 758
58 275 166 638
73 893 149 921
52 704 87 186
1 795 46 304
68 164 170 33
164 791 173 1001
130 105 131 85
36 550 109 204
34 263 119 817
21 38 71 382
18 334 66 726
1 270 87 819
12 327 136 95
136 249 139 360
32 882 76 318
143 525 147 555
53 945 122 767
16 836 116 980
48 582 150 942
62 689 155 839
63 579 118 796
27 902 119 386
21 839 34 692
9 318 161 248
86 265 171 125
58 373 133 785
61 623 85 774
126 715 158 991
110 351 118 408
14 538 66 709
90 604 109 377
172 93 178 19
148 270 162 188
49 440 82 483
68 799 135 802
156 477 171 581
61 903 122 119
7 271 78 562
43 108 92 190
147 832 153 607
16 729 145 949
71 908 163 917
74 746 130 862
27 215 38 330
36 927 154 42
32 861 54 643
135 521 141 465
21 157 67 139
24 212 175 437
150 479 152 294
28 779 58 925
109 505 160 735
52 221 71 676
17 471 44 568
92 898 95 521
15 144 60 884
86 656 97 705
23 189 84 185
44 221 147 87
3 332 152 849
54 476 75 190
87 485 136 597
74 337 148 799
32 718 85 867
107 275 133 882
0 776 140 153
137 762 155 763
118 792 137 802
106 134 143 118
80 24 128 495
40 667 70 39
40 506 88 963
47 764 128 902
76 94 79 74
10 966 163 968
143 750 158 857
4 541 32 934
9 953 133 51
16 67 46 24
2 932 48 962
57 933 102 994
31 876 65 470
36 665 61 312
71 116 132 108
119 595 126 468
44 935 130 838
89 31 164 21
30 432 75 244
12 461 140 5
25 292 176 121
94 770 144 865
125 508 137 186
110 801 139 895
3 512 25 711
11 304 165 230
26 577 121 621
12 382 158 436
22 746 163 26
130 45 132 38
92 229 95 102
106 894 109 333
10 212 138 181
67 448 144 254
54 289 68 416
92 522 133 229
82 941 114 380
70 553 81 982
73 818 147 913
98 20 115 8
38 559 56 634
33 756 148 595
9 492 36 252
101 576 154 539
33 335 61 124
85 830 162 95
67 420 132 344
81 517 117 605
55 565 168 277
35 548 82 975
16 700 137 680
146 377 177 366
41 910 100 924
76 116 128 575
47 948 127 464
15 833 141 596
7 235 24 754
8 716 101 837
27 327 148 123
75 938 157 962
21 179 178 37
65 530 147 779
52 477 67 134
30 963 87 729
81 726 155 185
51 384 108 934
100 935 129 298
94 493 110 594
42 650 165 75
25 122 156 95
51 218 164 46
25 953 149 904
16 555 121 684
17 76 102 684
28 178 168 479
171 992 175 862
119 71 127 28
18 304 52 503
28 435 89 735
60 440 99 805
33 232 87 143
18 814 72 133
35 640 154 879
94 635 163 336
70 983 87 237
50 650 112 783
106 357 171 424
25 399 172 198
83 15 120 826
113 519 140 971
22 36 163 809
46 396 108 161
46 78 166 43
19 305 177 590
6 165 31 118
8 416 58 421
46 628 125 902
37 949 137 971
103 191 140 389
82 304 118 43
27 567 111 350
167 876 170 985
14 169 59 19
20 243 97 841
86 129 158 7
76 508 165 488
25 134 82 227
19 762 82 899
89 178 96 851
40 904 150 914
35 694 154 868
70 102 96 56
13 383 129 241
9 571 62 124
68 179 156 448
15 128 84 48
45 592 72 714
22 168 146 1
71 902 177 963
40 71 150 70
36 915 48 156
144 311 154 143
26 769 152 372
59 424 81 364
14 946 112 985
72 409 140 23
103 827 135 923
59 890 97 904
70 778 154 428
2 610 160 405
40 902 148 926
102 758 163 262
140 283 156 970
114 471 158 869
99 932 130 973
99 370 114 255
67 624 85 899
30 12 33 335
83 760 90 17
95 954 124 553
38 301 173 187
48 631 117 137
146 535 166 534
45 177 68 250
95 98 137 328
10 970 92 831
4 426 81 775
17 879 128 928
50 863 175 912
102 732 148 121
130 273 137 3
4 966 61 342
4 161 143 700
34 173 64 822
128 798 138 426
29 220 166 562
135 837 166 499
155 468 161 842
33 332 77 185
98 49 163 388
117 274 137 236
61 524 140 307
61 369 91 727
2 253 33 394
16 631 153 505
13 377 109 281
25 694 119 404
20 997 25 62
34 706 69 998
76 320 162 723
6 273 55 900
133 346 134 779
60 508 146 47
21 705 155 57
45 35 64 73
108 619 124 81
75 696 169 461
167 979 176 993
86 809 98 70
122 981 175 998
2 80 123 30
2 671 125 726
74 190 169 757
16 483 166 627
119 272 124 195
37 252 77 691
45 959 103 985
27 250 69 193
46 141 111 345
129 192 166 187
4 423 64 8
94 345 161 509
60 915 106 449
56 484 104 437
103 266 155 653
18 360 123 137
19 288 83 132
31 176 113 135
111 536 125 461
70 587 163 835
65 246 165 227
9 865 104 994
64 924 123 265
140 446 176 642
69 112 93 715
92 756 160 284
32 365 94 232
34 478 110 600
119 736 151 784
30 729 153 141
9 407 16 92
5 587 90 928
78 241 118 140
151 696 155 51
78 309 113 76
106 898 145 962
6 132 153 115
93 955 136 539
0 192 47 112
125 977 166 448
3 965 168 288
29 343 106 153
157 400 170 63
99 929 109 592
30 669 168 593
31 890 89 316
48 63 106 10
108 475 123 56
21 615 43 132
18 216 166 953
121 643 177 905
128 461 144 97
8 109 141 164
36 956 150 991
25 419 33 304
2 227 75 989
66 805 174 952
40 541 136 725
15 647 151 226
16 718 123 889
28 512 176 620
17 426 165 733
23 812 116 943
67 808 151 917
147 810 177 343
19 113 168 92
67 596 170 224
60 563 74 499
97 717 153 678
157 397 171 989
37 461 94 427
60 32 142 26
53 976 59 621
3 225 123 74
64 451 165 154
89 973 170 785
147 168 164 107
11 573 77 656
54 178 166 127
22 452 149 426
3 983 167 991
164 315 165 223
119 137 151 294
43 30 48 922
111 54 136 47
55 159 141 100
55 773 126 443
53 589 165 272
18 128 142 81
18 534 43 749
15 414 19 238
110 473 115 991
34 759 142 807
14 942 139 976
16 637 109 574
26 299 157 754
103 540 123 241
72 199 157 840
147 490 157 471
12 337 165 92
30 141 107 814
147 535 169 299
29 177 127 371
40 216 50 239
3 751 36 309
65 950 85 951
31 239 172 258
115 106 145 58
91 77 119 49
82 460 175 245
144 49 153 216
64 601 75 320
56 624 75 331
42 662 139 666
39 292 56 213
10 443 138 405
59 218 164 51
60 895 162 963
7 953 167 959
10 280 38 213
34 394 101 748
45 73 132 6
38 978 83 446
20 806 128 834
138 983 155 72
113 573 154 925
47 96 165 32
58 191 97 563
5 51 92 912
50 283 87 103
163 862 166 15
24 518 38 651
24 879 40 899
60 361 144 86
42 807 125 819
57 552 121 976
32 135 89 358
119 910 168 931
59 620 104 964
33 942 74 872
49 36 92 722
94 670 153 82
26 45 159 22
129 719 172 597
2 106 31 451
155 648 157 699
36 916 147 924
24 519 38 993
40 937 101 158
134 860 168 374
69 598 132 557
108 739 142 860
89 320 146 695
71 526 163 366
78 185 88 45
6 307 18 272
76 130 146 681
24 237 117 943
18 736 51 447
147 165 159 128
39 634 124 318
22 955 121 998
97 406 100 956
23 490 70 480
53 785 70 635
89 670 102 75
54 477 158 200
93 208 129 710
67 236 174 455
38 66 65 25
103 481 166 635
2 834 29 150
133 605 159 333
130 630 134 229
13 497 169 442
21 433 126 555
51 59 79 6
89 762 122 470
18 390 54 313
45 795 151 211
22 147 78 545
38 983 52 636
82 760 132 552
138 382 161 95
65 985 116 998
68 166 73 149
0 974 25 997
91 634 119 636
145 635 164 268
25 317 171 206
59 488 123 836
14 721 32 957
32 203 161 201
4 668 127 92
85 857 177 821
68 390 74 577
30 854 83 884
75 236 171 914
53 62 172 770
78 862 154 125
59 915 109 927
30 145 47 790
67 703 168 933
48 901 64 7
82 624 110 136
69 424 79 22
9 870 78 902
100 786 151 349
86 977 101 468
76 891 110 353
72 122 97 809
28 705 138 943
128 254 135 584
46 152 156 142
107 302 147 902
37 209 105 479
111 315 131 124
32 297 88 238
88 440 114 547
22 821 101 973
32 181 95 99
42 412 64 152
101 609 122 496
39 387 74 267
3 767 58 718
58 952 136 978
38 402 135 738
53 815 113 394
58 291 178 57
5 326 27 722
28 306 85 552
117 972 143 980
25 879 86 155
88 50 141 27
125 120 155 2
146 126 155 19
13 442 56 304
58 402 91 816
48 611 126 86
25 297 115 924
82 992 97 310
23 95 128 464
105 1000 112 1001
46 237 50 174
48 913 110 982
29 405 30 126
7 791 139 891
36 380 129 467
21 58 34 49
88 406 158 634
40 988 165 365
135 155 160 131
30 115 53 871
15 861 168 926
90 130 137 47
11 371 152 365
73 409 91 648
21 85 36 22
127 80 142 610
26 966 136 934
71 172 134 502
146 791 176 956
69 168 154 86
46 516 75 4
99 682 166 214
88 562 117 183
16 634 42 653
4 981 55 985
72 250 125 235
43 145 122 38
29 640 160 683
21 425 72 854
16 558 71 709
110 585 111 759
89 976 149 999
97 314 163 178
34 827 153 929
8 544 173 807
54 672 79 33
101 619 109 126
67 892 160 973
54 581 174 469
28 624 174 926
75 747 152 408
54 40 125 694
27 88 176 62
5 131 109 52
128 187 160 39
14 568 66 867
2 496 48 12
25 610 121 226
52 595 158 219
44 885 54 464
44 361 53 800
3 517 39 985
6 911 165 658
83 838 148 956
1 434 18 532
43 149 99 401
18 154 67 9
70 797 161 829
14 781 26 844
13 287 87 106
22 718 134 832
140 438 173 610
63 890 174 908
134 977 170 971
2 820 101 35
57 395 168 725
67 399 87 197
46 22 118 769
26 364 84 15
99 191 108 91
92 603 115 158
41 240 99 564
116 676 118 940
115 739 123 370
142 122 143 15
71 866 89 344
63 137 136 105
20 221 86 665
39 586 56 160
35 78 106 481
5 489 75 488
83 144 155 333
78 463 148 269
40 59 154 32
24 510 156 765
75 51 175 609
11 108 159 798
14 317 41 378
13 384 119 275
87 556 108 498
67 603 121 650
75 822 109 843
12 119 39 769
6 420 135 762
75 448 147 499
38 843 177 354
110 714 155 738
20 817 170 858
87 937 124 328
30 287 172 201
150 433 160 355
106 316 108 190
31 777 150 213
14 623 121 643
86 140 105 75
17 228 93 768
20 201 111 486
60 793 114 420
95 803 116 85
6 985 91 989
36 477 141 888
71 57 164 47
14 12 18 10
33 498 136 148
32 739 135 834
112 607 145 649
99 111 148 11
58 678 121 682
95 784 118 284
31 55 177 2
82 993 97 439
51 45 128 938
164 737 166 852
101 618 150 919
129 440 166 176
19 804 106 211
3 453 67 816
72 672 117 244
31 775 176 857
4 697 132 182
18 47 19 144
117 259 123 166
67 861 169 933
97 144 121 129
23 986 111 995
33 562 80 406
70 304 157 519
1 255 88 97
62 219 176 787
161 979 175 1000
55 828 162 937
20 443 158 465
41 227 175 917
69 99 144 36
25 687 54 52
117 590 138 285
81 577 118 580
22 791 128 873
29 198 169 264
34 64 84 218
159 609 164 111
42 531 142 330
4 83 69 258
82 953 143 904
132 802 139 905
51 436 76 911
40 126 170 162
37 718 154 540
48 363 125 630
27 184 146 979
56 845 167 903
53 77 95 433
38 22 93 420
20 647 168 716
22 613 89 879
73 468 134 982
1 388 33 586
32 312 40 242
112 800 143 431
102 514 118 619
43 917 76 590
29 384 167 246
113 718 115 758
14 10 51 215
99 458 154 163
44 373 81 350
18 911 56 293
4 365 164 113
94 765 124 638
36 579 164 105
64 629 156 679
75 232 154 850
114 656 158 969
42 78 110 8
114 268 159 25
7 328 178 913
26 997 37 999
49 595 83 764
50 215 119 467
16 128 62 22
41 505 174 631
76 896 107 387
4 736 178 899
112 317 177 665
37 660 138 825
0 95 31 59
25 965 170 441
29 932 40 410
47 708 139 851
9 486 136 83
31 825 126 434
91 651 168 671
90 491 123 918
144 526 167 768
106 692 113 812
18 829 32 909
15 64 44 738
111 832 128 803
112 254 156 99
2 354 67 721
21 686 177 50
104 761 125 351
12 957 86 993
88 700 106 940
147 35 156 11
149 342 159 250
39 53 174 0
101 387 171 597
18 524 112 739
136 767 158 996
146 680 156 315
104 709 156 28
45 873 171 966
18 421 168 396
101 501 129 670
142 275 145 121
14 205 70 491
15 323 84 46
11 20 94 5
49 700 172 890
93 414 117 15
63 522 124 163
61 491 150 808
52 620 66 653
14 746 87 841
16 221 107 266
40 996 97 997
25 442 67 340
20 252 145 180
53 406 121 127
62 89 93 753
5 571 75 838
27 856 88 908
26 31 121 18
90 685 171 544
6 613 45 496
91 365 146 509
84 237 108 75
2 967 66 974
111 491 123 47
14 938 36 995
28 191 47 310
27 450 108 150
50 705 146 525
85 415 99 769
98 515 115 800
131 431 172 988
87 90 112 524
1 408 146 674
108 641 144 303
5 395 132 238
64 161 118 740
17 886 145 929
97 809 172 222
29 676 135 932
122 670 173 937
94 313 153 165
4 624 170 880
88 44 174 30
32 863 139 206
109 796 141 945
57 329 120 369
142 703 170 389
64 961 98 964
58 400 175 39
4 977 89 990
4 941 92 992
103 595 162 876
36 384 167 654
35 777 155 865
104 522 159 81
77 811 83 919
100 266 140 16
5 119 151 240
84 993 90 1000
23 852 76 72
140 961 150 965
118 913 145 75
83 584 122 541
57 156 75 636
14 425 111 995
85 565 100 5
12 563 108 330
20 631 26 14
49 209 95 928
108 62 120 285
39 61 169 57
91 847 134 521
4 193 92 522
8 232 170 921
106 829 141 953
19 807 88 37
116 826 164 311
20 134 52 2
63 294 85 757
21 219 178 120
67 15 94 5
2 573 51 426
1 760 44 860
60 133 77 969
49 385 176 500
6 398 21 623
31 328 144 252
60 161 82 116
95 935 126 789
27 908 169 884
107 46 115 9
35 32 173 666
156 771 172 811
161 183 165 13
9 891 60 337
116 813 165 131
33 943 111 403
32 656 162 279
144 814 174 945
40 873 140 959
27 229 111 802
70 787 145 117
59 131 82 739
127 267 173 538
107 216 132 132
37 266 102 255
36 45 124 34
6 162 126 137
26 49 78 388
46 533 93 570
1 849 72 271
112 396 125 520
112 468 156 423
28 556 165 445
143 617 155 836
54 759 152 191
69 960 104 367
11 43 117 566
35 725 85 933
43 931 175 935
44 829 50 815
46 705 69 738
8 156 112 180
127 607 134 295
53 945 70 968
51 585 96 473
39 264 65 210
75 267 108 222
64 364 161 678
63 365 156 387
7 148 146 944
23 187 46 183
32 194 77 523
21 351 168 297
79 865 109 948
24 830 47 956
59 88 144 293
111 69 158 0
109 909 154 974
18 861 103 154
111 933 168 65
8 612 85 697
63 477 132 438
65 705 138 510
106 218 124 168
70 258 101 106
12 244 151 262
68 40 105 528
91 86 145 453
57 560 131 835
133 617 157 879
110 681 171 922
114 486 123 346
65 271 144 52
37 736 119 741
111 976 137 903
50 840 160 898
26 627 171 663
113 877 119 903
32 123 152 88
14 226 18 769
144 213 156 347
16 889 99 918
3 172 107 778
22 153 121 622
122 318 167 158
86 408 107 172
150 534 158 268
56 272 133 601
24 438 39 734
21 952 44 612
35 268 143 223
40 426 158 265
106 219 123 327
159 708 174 230
151 481 164 244
65 341 66 524
4 874 143 387
35 688 106 580
102 774 139 999
24 255 151 837
65 158 151 827
51 649 114 709
71 190 132 175
89 287 176 214
24 744 166 884
27 27 170 23
21 801 96 15
58 741 132 987
10 869 87 224
5 900 137 882
114 443 145 125
10 158 97 261
63 747 169 780
85 307 110 152
17 602 153 663
42 94 110 83
6 706 101 342
36 442 83 993
37 969 92 974
66 71 113 61
118 679 130 909
132 614 166 778
56 10 118 948
54 661 87 270
88 423 140 152
62 912 151 227
5 168 178 162
5 229 28 69
77 485 132 365
67 560 144 48
81 736 174 908
6 298 54 648
18 443 170 90
51 227 52 576
13 161 156 90
44 382 148 94
28 417 99 527
20 284 31 17
84 370 151 994
17 194 129 205
1 926 13 962
23 64 91 4
69 16 141 14
76 770 155 446
31 370 130 609
13 571 172 562
48 280 117 266
99 72 105 32
22 576 33 618
61 482 98 948
98 262 167 241
92 795 125 364
33 740 111 129
60 972 129 981
79 634 104 791
129 593 171 746
113 461 137 866
61 831 166 837
57 292 132 225
55 607 167 359
166 195 174 84
11 512 111 703
89 229 164 146
94 913 121 955
20 263 123 67
7 134 164 91
56 181 72 115
5 796 82 939
128 615 136 983
62 591 116 98
22 183 85 142
39 100 167 80
19 941 141 724
150 279 161 210
99 848 169 617
21 520 26 782
37 947 154 337
64 671 109 425
12 648 131 92
34 266 149 790
38 627 136 487
24 811 136 763
61 549 108 847
72 950 176 29
57 508 136 947
107 178 117 71
73 742 96 120
38 118 62 103
7 225 123 267
119 482 157 811
100 352 115 56
89 537 92 147
70 592 127 652
