526 111
15 792 72 756
23 493 56 264
14 930 103 328
1 929 83 999
65 464 86 638
47 520 77 322
5 54 23 20
0 901 33 976
35 930 73 945
5 176 28 828
85 97 92 960
36 917 37 813
21 264 87 245
53 326 74 960
33 968 83 739
19 419 99 162
19 995 68 1001
44 766 56 344
34 264 51 809
27 422 68 446
29 605 38 897
71 127 75 362
7 423 46 670
63 68 77 783
10 153 98 123
7 687 15 859
15 318 57 202
56 315 88 556
38 989 42 990
60 165 98 99
67 888 98 950
4 235 95 202
47 229 62 171
46 861 64 874
15 888 49 621
19 949 38 255
28 797 50 885
7 197 74 80
22 361 108 125
12 36 101 582
8 40 36 2
68 592 71 41
38 700 81 843
86 995 90 996
53 782 66 818
4 319 101 135
14 968 65 660
17 242 86 986
22 597 80 330
76 389 90 993
8 960 69 999
14 432 44 349
23 693 47 224
104 803 105 372
68 771 80 786
58 234 79 205
23 527 79 334
38 383 92 219
30 193 69 20
37 949 76 974
50 360 69 48
47 355 75 785
19 300 48 61
5 630 101 461
61 616 65 748
1 480 98 226
51 187 91 172
6 630 37 102
4 106 55 536
57 607 61 972
24 633 108 877
23 371 43 225
8 91 13 4
40 599 80 611
33 429 108 225
18 620 38 219
15 594 33 307
36 538 62 607
25 624 28 381
7 456 30 280
1 991 77 778
47 769 66 722
50 519 105 370
52 408 110 52
13 731 44 391
43 777 68 779
97 696 106 57
13 913 100 926
10 897 46 1001
10 275 39 105
64 932 70 438
2 352 37 282
13 753 26 994
63 946 69 987
37 319 100 366
4 644 72 171
42 382 107 433
31 22 59 8
11 897 94 968
27 123 106 97
4 601 22 356
4 940 62 925
4 342 89 153
25 729 26 781
51 162 110 40
28 717 48 69
4 399 22 338
67 14 96 2
1 328 39 457
35 524 89 868
34 702 83 549
0 356 36 494
11 502 78 356
98 347 106 271
11 653 21 55
4 506 99 131
8 206 61 80
12 961 27 29
47 446 66 6
16 846 49 607
30 735 69 572
73 801 99 97
18 92 75 370
5 931 63 892
4 834 70 776
69 47 103 37
55 444 74 427
35 887 58 947
58 285 108 73
85 832 92 851
21 444 90 268
13 344 101 289
5 141 53 80
56 26 102 319
45 375 82 211
38 373 76 765
63 516 106 652
23 608 76 223
66 312 76 868
56 680 91 588
18 160 86 897
29 144 105 672
62 559 88 308
3 24 69 14
55 805 59 196
50 862 76 220
12 745 54 980
26 731 79 623
58 807 76 158
78 563 98 702
25 137 87 79
8 49 91 44
4 924 81 960
11 441 18 85
0 172 2 345
17 270 95 674
60 842 102 793
16 262 63 128
5 637 16 613
15 97 30 20
1 306 24 402
74 625 80 412
32 976 44 758
24 119 92 664
86 592 91 360
34 539 64 775
1 116 72 536
26 475 78 101
22 932 66 499
71 936 99 914
30 717 38 54
35 272 62 417
3 527 22 233
33 254 53 151
3 843 46 584
3 962 105 965
12 395 16 181
54 935 88 939
44 335 56 892
70 817 91 966
6 366 80 446
96 276 103 141
26 857 34 236
24 666 91 750
31 529 100 816
109 699 110 400
63 127 88 367
66 788 97 816
68 337 83 19
32 926 99 390
53 538 58 754
43 405 64 255
45 923 53 81
4 833 94 194
9 497 80 597
0 561 28 803
46 893 75 278
20 126 67 988
3 827 73 543
54 266 60 889
20 168 71 114
29 89 40 655
28 806 37 323
30 585 106 23
54 263 61 882
101 864 106 849
3 978 23 258
17 609 22 130
35 824 94 957
81 529 102 366
9 66 93 637
18 444 74 980
12 170 61 103
53 256 64 577
45 44 67 3
17 951 25 992
94 907 107 952
86 157 103 80
56 397 106 662
7 327 41 36
16 472 42 934
42 433 105 557
28 776 36 155
20 545 50 781
68 358 106 323
72 192 90 804
53 204 102 473
4 22 86 0
15 667 28 486
25 378 105 137
22 850 58 985
34 830 56 952
104 421 106 357
24 265 76 262
90 812 101 488
68 566 95 169
2 601 27 100
33 738 72 134
11 503 22 169
27 679 47 720
8 752 24 450
96 321 98 592
41 481 95 15
27 954 53 662
61 599 68 807
58 289 74 69
41 52 52 36
46 706 88 498
6 714 51 218
14 215 61 523
5 999 42 352
61 776 97 943
41 243 43 912
3 375 40 129
17 837 30 986
95 97 102 243
9 622 54 827
40 502 109 819
9 545 103 309
15 210 74 208
61 734 110 969
65 152 85 117
10 575 48 240
30 411 44 219
47 450 81 563
44 325 99 19
89 881 109 163
33 830 103 662
31 294 93 593
34 413 106 178
88 920 103 809
80 237 94 372
24 480 79 205
29 74 75 614
18 620 102 420
81 64 85 61
7 440 102 156
56 609 91 674
52 577 98 875
77 71 81 694
67 534 73 222
11 239 93 91
15 662 66 528
14 455 32 745
40 60 69 410
21 136 89 49
55 501 67 589
8 916 55 215
29 450 67 460
16 895 51 372
23 938 69 971
24 317 80 83
47 16 84 698
50 859 58 119
58 354 60 234
28 681 93 717
96 535 98 659
36 209 110 255
27 228 92 676
4 614 10 731
10 747 86 401
100 182 109 764
17 455 50 464
85 934 107 975
14 752 34 894
7 215 96 137
10 815 33 490
24 599 85 451
38 316 39 461
7 996 32 191
19 324 76 208
1 227 44 133
21 901 107 922
90 947 104 990
38 779 67 868
10 248 58 570
60 929 75 755
92 47 109 14
72 377 99 775
3 763 89 479
2 610 90 23
26 533 92 143
44 287 76 660
53 236 62 821
98 154 107 616
56 311 93 202
68 216 101 34
23 336 45 45
53 698 86 921
48 89 64 852
16 500 99 0
90 200 109 445
22 385 32 812
42 737 99 577
46 487 105 190
103 939 105 981
69 201 110 66
21 433 42 344
7 222 20 180
23 938 34 210
3 951 46 666
1 919 86 927
13 871 49 796
66 82 89 424
50 147 90 107
2 400 98 194
28 561 44 292
40 99 98 43
8 554 78 36
67 150 87 106
43 288 54 55
57 185 67 698
27 27 59 22
57 245 72 786
23 114 90 461
48 214 69 613
17 317 44 339
79 84 107 993
82 831 109 868
32 259 105 91
42 984 93 985
89 751 109 953
37 385 80 864
15 260 82 49
54 618 64 741
76 850 78 980
59 812 65 938
36 582 80 693
22 269 59 142
84 539 96 207
44 298 108 514
40 440 60 883
54 583 95 388
12 575 44 513
52 149 86 35
4 332 62 769
72 885 103 899
0 160 22 808
20 176 100 63
90 222 100 673
21 207 103 192
47 101 110 885
27 836 46 89
64 443 70 266
65 551 81 164
19 407 107 666
52 936 104 945
27 505 81 703
80 200 104 566
82 537 93 422
57 575 77 974
52 591 60 902
94 804 99 204
89 903 99 3
17 482 47 841
26 358 48 950
29 344 45 935
13 62 37 25
9 230 44 115
70 577 79 909
56 249 65 448
78 86 102 173
25 395 29 181
17 532 93 899
14 993 15 1000
56 398 89 574
30 86 43 0
22 484 49 333
49 369 87 240
39 704 85 109
17 552 23 896
43 81 61 23
31 514 110 156
51 103 69 68
19 708 33 954
3 191 14 118
37 958 79 173
52 355 73 140
33 125 80 44
59 886 75 927
34 806 75 343
14 495 19 828
66 281 77 678
22 209 97 838
4 153 26 96
4 307 40 218
52 510 63 317
40 614 106 212
21 382 54 170
48 422 54 708
27 352 55 117
63 570 83 917
19 218 69 726
98 837 100 879
39 370 107 545
27 383 39 933
6 287 23 527
41 690 109 873
74 211 107 953
10 840 26 146
73 18 110 14
19 884 62 931
46 720 48 330
70 355 95 346
64 519 109 735
60 444 76 269
35 731 97 748
46 291 98 82
15 655 100 553
82 766 87 953
41 909 80 612
31 901 93 346
94 401 105 877
25 458 109 653
3 173 97 56
6 398 68 835
33 838 65 180
70 664 81 837
86 889 108 944
37 659 62 776
74 801 95 908
17 17 58 915
50 21 60 102
81 392 109 940
48 597 101 431
58 340 109 28
2 817 100 341
58 733 87 409
11 672 93 720
38 483 88 986
36 348 73 352
62 434 84 65
10 418 14 154
88 979 95 991
31 956 34 981
15 214 83 130
33 143 78 4
37 119 65 123
12 764 18 75
28 260 39 875
27 611 81 942
9 731 34 845
7 799 44 170
58 133 84 94
62 790 101 720
29 857 81 971
1 728 58 941
22 131 73 228
6 709 61 760
54 69 77 201
44 812 47 889
32 583 48 351
17 548 50 932
14 170 47 938
43 700 58 844
86 96 110 491
81 438 100 528
3 390 8 317
72 688 109 967
15 181 58 116
46 804 85 783
44 781 56 896
2 982 108 667
58 230 72 221
0 356 30 795
77 247 95 962
42 78 64 11
22 853 78 437
3 523 77 343
20 220 53 91
9 484 67 880
22 821 40 179
72 357 99 668
48 66 52 329
4 178 50 784
4 680 32 890
37 244 84 984
52 63 101 24
66 835 76 722
0 927 73 987
90 384 110 957
58 750 97 639
44 879 55 955
57 129 84 848
14 688 96 849
49 571 108 821
