48 11
2 595 8 293
3 523 4 417
0 124 1 27
0 551 6 947
5 803 6 960
4 761 10 802
6 82 7 19
4 523 9 485
1 409 2 948
4 257 6 770
2 45 3 43
8 563 9 319
2 865 4 461
6 793 9 816
5 299 6 598
0 380 1 376
4 366 5 961
2 920 4 956
3 912 8 946
2 842 9 239
5 224 8 792
7 577 10 900
3 594 4 564
6 122 7 86
4 626 6 574
1 683 9 966
5 452 9 242
2 846 9 962
8 223 9 58
7 168 9 709
3 407 10 164
5 862 6 983
0 715 3 204
4 264 7 554
3 897 9 566
0 552 7 382
5 821 7 909
2 269 6 71
1 157 6 565
3 434 10 901
8 672 9 155
2 557 9 711
1 192 9 887
2 592 10 45
4 500 6 925
6 785 10 479
6 436 8 447
1 669 10 834
