105 11
4 932 6 953
3 327 7 99
8 676 9 757
1 175 5 521
6 893 9 964
0 871 10 856
4 999 7 1000
2 384 7 860
1 117 4 46
6 183 7 875
1 751 8 617
0 366 10 292
0 104 7 155
0 996 9 725
7 218 9 6
7 418 9 25
6 839 8 943
7 75 9 21
3 727 5 557
3 190 7 165
2 963 7 668
5 469 6 11
4 703 5 900
2 153 7 260
0 366 7 771
4 365 6 179
0 74 7 230
1 529 8 660
8 25 9 547
3 187 5 26
7 356 9 706
2 852 5 620
2 597 5 481
2 463 6 258
3 683 10 150
5 957 7 432
1 899 8 946
6 255 7 262
6 814 9 864
5 204 7 29
8 692 10 141
4 889 10 932
0 850 8 81
7 751 8 342
1 991 5 998
1 745 10 1
5 780 8 227
1 957 10 552
4 400 8 338
4 548 8 898
2 652 8 482
1 812 4 382
1 304 2 326
2 203 7 719
6 945 8 418
0 850 3 951
9 578 10 211
4 397 9 759
2 122 10 85
2 801 3 863
5 280 8 164
4 851 8 912
3 284 6 199
6 112 7 991
8 789 9 994
0 763 4 467
1 837 8 465
1 278 7 282
3 133 7 321
9 767 10 246
6 190 10 628
7 600 8 505
5 37 9 12
5 265 6 115
1 173 2 60
0 535 10 347
0 825 8 165
6 929 8 476
2 137 10 120
1 390 2 820
5 877 10 668
4 672 6 798
4 633 6 764
2 56 6 29
2 723 9 626
3 352 9 282
7 511 10 276
2 434 3 802
1 398 3 809
4 485 9 738
0 409 4 159
0 893 8 219
5 152 6 13
6 840 7 977
0 500 5 656
5 725 9 906
0 422 2 330
2 378 10 3
1 153 10 22
1 526 7 838
3 919 4 592
5 575 9 178
1 775 8 642
1 911 2 958
4 198 5 661
