15 -10
1049 139
43 523 125 34
117 678 124 272
26 922 46 435
50 155 51 101
31 335 121 927
92 477 121 11
15 332 116 37
118 183 126 615
45 358 53 141
7 843 87 393
8 355 34 921
58 394 109 661
19 106 81 57
93 407 111 478
12 591 135 955
102 373 131 48
28 19 57 8
17 345 28 261
36 198 118 96
23 602 26 320
62 213 93 102
8 798 41 845
128 367 131 879
44 627 79 661
37 456 122 653
36 762 104 49
29 199 37 836
53 931 137 964
74 275 102 92
28 849 82 886
53 786 117 886
86 12 89 4
27 265 54 624
94 352 114 312
92 254 101 280
5 462 16 332
29 781 109 950
56 182 110 453
6 76 100 59
54 963 94 992
99 545 130 734
6 384 14 917
38 517 82 117
82 953 122 993
125 761 134 888
81 41 112 408
91 416 100 320
114 199 123 639
34 155 62 128
39 529 115 147
55 614 88 357
43 51 86 901
8 762 82 951
72 908 98 221
43 791 45 789
46 355 63 718
24 104 71 58
65 115 89 109
61 905 111 961
27 233 81 550
104 482 105 695
20 923 103 973
31 599 62 247
5 301 19 213
94 755 96 538
5 132 42 109
99 619 135 882
100 595 106 600
31 713 57 30
118 272 129 964
82 560 137 992
69 179 93 405
31 662 32 814
63 445 107 957
29 228 35 18
16 34 55 152
4 512 137 25
61 994 109 995
68 619 131 935
87 443 99 967
8 42 89 985
78 388 98 477
17 456 64 183
4 265 30 485
81 178 90 32
77 116 116 54
51 731 126 839
33 135 119 94
28 893 98 112
10 497 57 462
83 682 121 863
45 660 59 847
32 125 60 191
114 199 117 586
85 139 104 204
12 448 123 534
14 124 134 775
92 668 119 307
107 361 114 267
27 24 107 425
38 758 72 620
55 144 105 112
28 312 91 758
62 426 106 32
60 679 70 335
46 505 77 636
8 995 12 288
89 892 123 902
80 148 128 789
66 171 80 107
46 675 119 685
39 614 40 26
11 99 108 44
26 530 69 586
23 383 101 308
70 950 136 657
44 548 130 13
64 656 117 774
70 921 125 18
123 201 124 110
123 189 129 44
3 244 75 326
40 499 105 602
0 912 41 399
21 516 27 256
21 539 68 672
52 481 78 865
4 850 135 823
64 321 68 161
57 994 73 996
74 636 131 126
65 37 117 910
14 32 81 632
51 199 112 227
51 51 104 302
77 294 83 218
39 518 119 460
90 819 137 849
26 891 55 993
1 310 48 799
67 420 95 910
2 482 67 384
87 800 107 914
95 254 135 557
4 473 72 15
101 92 136 33
93 545 95 790
6 647 110 956
65 331 123 380
81 584 101 855
50 795 127 933
38 205 81 172
12 395 111 695
45 301 81 83
13 153 130 439
20 893 77 747
1 701 39 913
65 443 69 399
26 520 81 297
58 550 73 823
45 344 136 132
4 206 31 159
119 362 122 475
31 582 72 649
56 127 115 11
17 41 119 12
17 805 55 789
54 899 94 957
27 213 45 756
69 292 124 600
106 998 109 1000
9 164 34 198
49 111 132 410
7 123 129 119
12 110 135 320
12 14 97 249
38 987 79 989
75 399 104 422
60 472 101 710
36 102 39 6
47 810 88 611
16 913 63 957
2 791 22 814
25 420 82 195
124 89 127 66
60 938 61 984
0 310 71 170
46 936 102 940
26 550 138 643
40 308 63 993
125 264 130 159
64 34 75 594
42 433 44 6
49 252 85 794
92 391 113 601
83 216 124 24
62 440 68 652
16 190 35 76
46 192 135 668
92 726 94 737
2 810 110 639
1 675 138 745
32 530 50 884
50 532 76 645
17 560 103 236
35 317 105 672
92 614 116 7
117 180 127 48
35 86 60 621
67 528 130 606
32 302 94 380
85 141 91 109
76 710 86 849
77 66 113 62
90 548 137 992
1 475 112 935
77 492 113 610
21 616 103 939
45 104 68 958
74 127 88 707
73 241 84 65
15 839 48 946
77 931 119 846
46 81 133 429
13 174 85 778
33 768 55 906
25 236 127 669
20 414 27 57
5 397 65 5
34 958 114 975
25 84 82 71
67 693 134 758
80 290 136 153
53 660 118 221
118 500 121 736
78 141 100 5
70 901 102 931
24 293 71 75
37 375 48 359
32 208 109 508
1 379 33 731
32 762 73 929
56 557 127 652
58 608 75 198
15 380 19 916
35 909 76 995
72 137 107 65
54 343 88 648
38 420 73 660
125 85 134 186
10 584 92 945
55 408 90 562
17 95 101 655
46 184 56 110
43 204 47 851
19 488 22 10
90 919 123 406
25 938 92 984
5 318 127 94
112 146 128 763
4 139 104 958
39 660 96 997
1 581 108 505
31 60 62 999
61 478 77 506
42 758 52 354
10 304 136 145
86 265 134 107
33 817 105 966
22 690 23 857
0 410 56 87
37 866 42 969
20 778 54 786
55 596 112 169
124 520 137 604
78 204 135 53
63 675 80 756
19 887 94 342
50 855 88 906
58 338 122 532
13 912 110 989
34 604 67 588
96 840 123 995
49 966 105 967
46 955 73 957
50 146 60 65
61 157 92 229
0 369 135 293
16 381 59 504
74 221 94 277
6 632 9 901
109 19 121 872
92 238 130 173
65 212 70 151
72 454 113 260
2 959 86 645
14 829 136 901
16 778 99 780
27 962 132 974
41 38 86 887
72 979 126 640
22 771 49 527
32 840 59 923
112 205 126 722
53 991 87 232
45 412 83 493
118 886 123 567
39 421 40 301
4 778 111 119
18 519 119 465
66 333 76 889
111 419 118 162
0 406 78 724
28 296 111 800
10 630 126 997
71 504 115 325
1 734 100 724
61 348 103 974
130 613 133 192
15 384 100 836
5 489 105 869
68 732 130 862
4 161 130 149
34 98 103 1
58 805 89 993
5 46 78 20
10 642 29 838
105 310 116 47
49 480 55 755
70 749 131 281
60 811 64 342
91 12 132 971
6 332 135 537
19 796 63 910
3 711 30 806
135 347 137 704
44 66 52 46
32 652 56 568
4 903 37 211
38 721 93 579
121 981 132 396
93 96 102 382
17 957 50 963
53 68 89 671
30 837 38 685
3 87 76 738
51 18 101 986
101 898 109 910
3 965 35 76
42 510 85 590
69 553 82 310
76 393 101 971
18 652 109 679
60 750 132 942
13 617 57 940
27 461 53 898
3 614 63 639
21 14 48 1
13 690 127 914
126 62 137 907
91 39 117 893
22 476 31 109
90 278 124 696
26 231 117 822
76 243 83 211
66 338 72 933
27 244 49 995
80 553 90 822
62 353 89 589
8 163 28 71
81 139 133 38
22 793 62 313
79 752 108 697
33 973 84 990
40 120 109 939
31 907 93 148
80 669 87 473
22 129 35 124
23 996 55 1000
21 226 88 354
32 781 77 695
16 511 26 680
8 420 15 577
89 233 117 78
51 796 70 875
41 24 96 406
24 68 52 805
63 848 85 606
57 259 86 499
30 564 63 535
53 547 60 974
65 443 82 4
101 14 109 8
63 873 77 891
9 774 58 208
40 885 80 979
74 477 95 512
36 241 58 55
60 349 85 405
115 821 138 996
29 25 126 32
96 514 130 100
0 675 79 791
7 806 33 691
35 36 59 728
118 905 121 985
54 841 128 983
54 977 79 978
43 484 108 216
45 617 82 464
17 57 66 50
9 517 97 850
6 536 94 559
29 111 104 837
43 357 134 812
71 220 84 107
77 912 116 64
5 994 121 1001
51 931 83 937
75 817 135 914
31 12 40 11
50 405 114 962
11 406 58 468
76 318 124 290
24 478 103 945
85 506 112 697
17 589 110 346
26 84 103 689
35 828 42 954
35 70 117 645
46 314 134 888
42 327 116 94
59 625 110 318
82 428 113 992
73 538 91 270
77 266 105 577
66 776 94 316
68 445 114 460
18 559 90 781
25 809 100 729
23 383 61 293
30 724 71 422
4 92 138 85
29 476 124 567
41 299 97 604
69 397 90 552
25 404 39 439
5 225 76 439
46 65 51 62
53 602 129 916
93 875 97 876
41 357 122 641
6 531 97 689
112 904 119 422
77 861 125 348
30 984 92 184
63 455 73 677
49 161 94 403
30 430 126 785
29 329 126 451
39 440 128 568
92 301 108 145
34 626 82 488
71 796 138 263
14 318 67 971
66 501 77 855
55 630 87 227
109 79 116 44
35 623 48 787
6 771 94 830
4 732 18 581
88 834 106 154
57 951 123 971
21 881 128 892
73 883 102 990
43 708 53 557
78 305 135 0
3 115 45 991
35 688 99 602
6 541 14 726
23 861 124 779
91 251 103 907
110 743 116 26
8 843 19 971
53 834 131 932
39 103 70 141
3 154 56 20
52 842 104 983
46 801 71 194
53 204 113 567
99 359 131 154
58 466 102 820
112 271 126 71
94 951 126 978
63 965 129 680
41 408 48 967
38 649 74 5
57 618 66 650
83 884 111 364
7 37 44 0
101 135 135 92
79 888 121 353
66 145 105 813
119 702 126 712
23 907 62 904
73 621 80 301
2 552 13 456
11 307 128 840
12 549 20 817
80 52 86 47
48 438 103 787
91 84 96 618
12 209 68 73
40 29 135 447
56 779 123 991
51 673 133 727
59 851 78 132
95 92 127 346
15 613 127 50
12 537 81 832
45 327 50 200
29 862 136 963
94 651 101 953
39 404 111 18
79 507 127 110
6 90 135 368
10 86 94 311
8 575 23 971
2 12 100 8
9 721 107 884
64 709 81 67
77 964 114 271
10 848 79 937
43 58 98 15
26 881 122 933
99 201 100 504
45 444 115 114
7 822 26 336
92 198 133 3
34 521 138 276
7 291 104 775
60 410 92 87
41 643 62 711
24 928 81 963
10 1000 130 475
34 119 51 7
17 287 136 912
16 393 129 91
20 473 74 228
80 422 110 51
55 301 70 402
31 594 102 878
32 48 92 980
52 168 106 908
60 260 103 165
68 410 69 123
2 782 103 760
69 306 73 534
89 256 106 835
7 400 25 78
46 620 112 654
30 442 114 313
8 31 114 578
10 345 60 378
10 655 98 391
25 933 134 992
123 569 135 77
97 108 101 52
43 60 106 26
11 178 102 575
79 638 103 52
11 679 14 851
21 406 53 58
54 117 98 79
1 447 40 725
34 612 121 809
43 696 133 838
50 641 118 311
19 744 111 213
22 999 103 316
63 499 68 371
116 659 130 901
19 74 123 569
37 961 70 495
26 127 132 569
68 199 132 117
5 807 107 396
63 720 103 908
8 892 134 1000
69 516 79 619
16 879 65 968
18 190 32 55
115 804 119 77
54 695 55 357
55 847 105 234
81 789 122 885
7 120 89 966
23 102 32 97
77 210 133 66
16 271 67 209
21 836 98 906
16 519 90 545
72 887 110 971
124 836 136 743
116 465 126 547
51 939 56 975
82 733 116 781
20 733 104 812
4 419 81 287
108 759 125 31
28 904 109 989
34 491 104 820
31 748 110 870
13 118 115 522
85 518 125 472
10 813 40 431
3 67 38 500
114 852 128 944
7 88 48 0
67 918 89 962
58 548 132 653
32 941 68 204
59 647 104 760
59 573 65 67
30 184 97 505
6 759 55 989
85 586 116 153
65 985 71 657
14 237 72 378
60 359 133 118
68 912 112 632
130 167 132 9
57 73 77 477
35 740 110 858
72 166 89 61
35 407 102 867
22 218 71 54
78 640 130 30
8 131 108 26
4 491 37 501
8 882 30 914
31 75 114 638
85 293 123 864
19 181 27 144
21 701 37 899
105 468 119 290
49 189 66 982
33 190 121 750
24 718 138 635
13 668 34 768
21 262 28 161
9 175 138 276
88 89 128 42
13 243 128 264
19 933 42 4
1 709 120 874
51 601 78 638
95 498 96 712
47 215 106 78
49 399 57 137
73 902 108 382
2 257 36 179
31 492 119 438
67 449 138 855
69 416 88 693
10 258 81 679
15 795 41 403
53 679 59 939
31 311 65 764
14 344 84 927
29 294 95 141
66 235 69 233
34 619 87 114
44 967 109 980
33 116 118 80
15 122 119 66
86 914 93 470
6 617 9 715
50 857 129 68
34 150 94 706
80 616 97 38
59 310 138 468
48 591 77 985
90 400 117 337
42 797 97 817
3 499 13 169
69 512 126 481
64 63 128 97
94 104 108 23
31 143 58 90
27 244 99 171
5 961 127 894
61 348 132 155
86 813 104 841
10 768 22 203
33 391 100 291
70 383 104 842
6 903 88 914
71 766 112 878
100 606 115 446
41 629 112 789
0 329 122 682
55 157 98 54
46 759 112 880
18 1000 99 209
61 851 76 994
72 347 130 315
31 473 119 364
28 287 125 148
13 30 45 158
7 19 79 15
48 117 124 93
28 753 121 228
122 468 126 813
0 974 48 442
107 205 133 679
6 98 59 688
26 249 113 831
70 688 85 848
52 945 78 1000
90 352 132 331
40 308 65 754
7 48 31 22
8 865 13 934
7 840 8 484
98 926 120 941
71 893 106 434
25 461 103 991
22 346 66 634
7 385 36 254
7 891 17 588
50 156 115 513
41 243 49 942
89 91 118 921
28 54 37 112
56 95 86 642
114 153 128 851
31 908 39 953
89 158 120 381
27 20 59 841
68 680 102 707
62 514 101 637
12 820 131 949
38 133 95 460
22 869 91 665
9 168 79 507
56 354 79 359
11 267 102 497
108 504 132 840
40 660 75 330
49 338 100 256
9 105 26 378
63 835 81 847
74 239 83 460
3 349 106 563
16 542 59 644
78 530 118 470
15 254 63 33
40 488 98 608
47 867 130 885
17 28 54 15
88 440 129 13
11 58 88 771
23 486 51 218
76 618 117 161
49 968 100 123
94 225 105 37
15 895 97 953
36 120 110 28
57 531 72 997
99 329 107 177
102 134 135 85
36 480 51 81
85 988 111 807
39 993 81 995
71 389 129 288
81 421 131 52
15 794 75 779
5 152 18 101
3 891 60 918
104 378 122 350
78 854 80 975
54 580 83 914
48 541 95 79
1 170 79 6
7 245 79 270
49 973 73 983
42 868 90 711
95 533 130 1
88 480 110 841
62 445 85 738
101 844 115 584
17 22 115 16
6 307 48 335
10 824 136 385
61 917 109 961
64 595 84 85
87 555 130 915
49 45 110 656
20 474 42 482
79 99 104 98
43 230 68 123
63 917 81 970
44 265 125 321
40 89 71 445
29 771 68 589
13 777 38 975
13 289 138 662
14 608 58 316
30 28 104 676
92 849 111 894
28 733 50 774
59 963 89 879
41 464 51 173
1 115 14 615
6 281 42 134
16 596 48 609
64 535 123 846
102 777 132 518
77 774 98 706
87 612 124 863
4 411 50 837
70 107 134 671
78 923 120 549
17 884 28 983
59 241 62 93
6 448 83 734
75 638 101 716
96 292 125 272
108 867 114 874
23 76 38 318
13 26 30 659
8 89 127 161
32 402 129 750
33 501 45 857
83 611 85 589
114 442 138 155
29 914 55 950
44 426 105 732
43 70 60 143
20 767 95 525
82 154 106 541
31 107 112 844
38 222 119 122
13 476 130 525
12 679 77 931
105 329 107 154
14 137 106 703
71 565 132 345
11 282 64 95
68 68 95 66
0 538 134 867
85 746 107 61
72 632 123 895
92 257 106 963
9 29 41 18
22 567 56 903
21 805 132 820
22 946 71 612
79 796 126 991
53 761 127 976
76 940 102 722
114 693 120 732
95 235 114 852
77 666 135 869
21 291 133 933
2 543 57 431
86 885 87 608
29 728 109 915
29 432 102 4
72 970 108 279
15 746 48 145
36 833 40 135
26 791 75 864
122 804 131 86
10 596 113 727
7 952 80 929
3 454 69 676
0 73 92 950
34 538 79 946
34 890 45 14
30 57 112 940
5 277 111 873
85 470 127 303
100 308 135 228
23 125 39 12
0 992 71 59
4 211 65 174
8 603 55 943
18 973 38 779
24 653 39 891
36 693 80 901
1 193 28 911
57 956 101 992
104 324 133 103
26 328 71 837
10 98 84 30
19 861 93 672
13 940 120 973
23 897 92 440
7 896 90 523
43 132 92 138
22 329 125 569
56 978 103 996
54 645 81 792
42 796 66 920
52 545 82 850
1 848 27 906
104 50 109 720
35 348 118 649
22 853 79 892
26 874 32 963
102 476 126 572
8 72 82 562
19 545 32 206
8 602 97 917
87 224 95 593
6 851 25 271
39 487 89 267
75 438 113 456
43 688 112 369
39 460 138 751
36 513 130 264
12 825 39 960
39 537 80 850
96 771 135 640
52 970 103 972
44 747 109 835
1 850 73 900
67 613 106 999
11 353 70 792
55 957 109 993
71 76 116 10
7 230 93 194
21 332 114 457
126 708 133 894
14 809 82 968
58 967 133 973
38 233 73 606
0 304 2 811
24 197 53 29
30 556 117 428
4 328 137 672
81 982 119 995
37 231 112 19
72 215 79 87
60 399 91 371
21 680 87 209
1 843 88 861
27 122 103 31
34 673 42 711
83 353 137 600
93 650 110 914
20 406 78 431
22 800 39 250
2 274 17 583
3 648 24 143
46 535 95 724
6 758 35 262
1 888 47 936
17 856 96 251
92 380 122 208
107 105 131 273
9 760 56 365
34 741 100 870
25 533 78 346
79 429 102 500
18 68 71 54
87 83 133 704
48 988 64 839
74 266 114 476
0 930 113 939
37 449 113 693
105 964 113 980
16 714 31 793
17 174 57 95
71 730 100 29
25 370 117 265
105 814 116 582
53 508 122 606
107 316 135 131
11 50 128 591
33 806 138 999
14 12 17 784
66 340 81 76
20 245 63 562
130 575 134 914
22 51 51 33
16 344 88 359
7 932 32 198
48 198 122 673
27 537 93 957
44 433 109 930
39 677 44 321
22 958 70 977
45 610 88 767
53 103 82 687
69 534 72 606
10 322 44 270
102 596 127 275
103 488 118 411
4 864 135 802
27 278 42 705
89 22 101 552
136 194 137 419
2 612 47 443
75 676 76 735
63 81 100 37
12 179 48 835
12 916 18 770
0 721 41 101
2 56 62 5
71 232 91 16
17 825 59 80
126 85 134 602
97 264 104 510
0 479 94 832
95 512 106 494
77 422 93 226
7 290 50 512
16 676 25 845
7 391 116 206
10 508 34 701
39 66 61 17
63 546 94 629
52 634 54 926
94 947 95 698
32 983 64 998
99 747 130 876
82 411 118 391
29 457 43 332
9 920 100 971
57 130 100 610
13 555 130 567
80 318 83 786
78 874 87 476
71 644 84 340
92 967 117 980
126 26 129 7
14 341 66 619
9 462 87 914
33 269 40 260
35 552 95 200
81 803 86 805
65 273 75 151
37 941 102 974
57 267 106 601
11 103 74 282
38 722 125 361
