30 50
226 42
26 521 40 761
26 752 31 954
21 377 31 253
28 205 32 117
2 994 16 995
29 272 35 909
18 320 28 698
29 621 34 557
26 646 34 884
1 725 23 551
21 601 41 106
36 883 39 947
25 613 28 621
9 174 22 53
9 570 23 336
25 913 26 373
11 77 21 305
2 201 36 711
20 193 39 403
33 390 34 585
23 506 27 817
3 640 9 649
5 479 31 941
15 960 25 996
2 230 5 892
1 809 40 586
9 682 32 509
14 80 25 670
15 122 28 376
15 683 37 727
27 123 37 23
9 256 17 19
19 735 36 814
11 178 13 113
23 928 32 973
11 565 25 572
24 230 34 93
11 498 26 354
8 860 12 893
9 383 12 201
16 785 21 974
7 623 33 137
1 245 20 96
9 983 34 101
10 52 23 724
19 220 23 431
3 971 9 991
4 803 41 792
16 463 35 397
18 33 31 12
28 907 39 624
7 520 15 907
9 392 36 305
18 225 24 534
29 248 36 427
0 949 2 177
13 663 35 32
2 240 40 212
2 326 39 605
1 982 18 499
7 173 38 19
14 186 33 768
4 168 14 148
7 12 34 8
36 528 41 344
21 544 22 356
27 221 36 570
17 135 30 586
26 720 30 650
33 273 36 857
15 673 20 757
7 912 40 139
35 943 38 129
2 237 12 109
8 214 13 153
24 870 30 837
11 997 18 1001
35 723 40 716
0 244 8 154
8 296 18 567
30 577 31 738
18 151 35 40
24 468 28 717
19 109 33 243
6 600 22 533
12 73 22 47
6 351 41 326
19 244 23 750
4 846 23 232
35 867 38 231
36 947 38 302
3 421 25 404
14 760 25 763
11 15 27 942
30 976 32 987
11 617 14 564
31 10 40 635
27 384 28 308
1 72 4 831
9 150 25 12
2 500 34 576
10 784 18 993
1 500 40 192
2 667 19 436
6 13 11 3
3 602 25 21
27 583 38 272
26 724 41 505
14 547 41 758
28 379 37 63
3 475 11 747
20 579 35 488
13 809 18 854
11 549 18 372
17 295 29 291
25 553 32 523
0 83 3 63
27 800 30 158
14 702 35 922
7 625 33 204
30 471 41 277
3 575 12 461
12 13 24 636
23 289 33 103
15 480 25 834
11 832 41 317
7 830 25 475
7 742 16 985
8 102 38 954
15 812 19 205
18 262 30 224
2 96 19 9
25 767 31 946
15 563 37 197
19 401 20 584
11 949 19 966
10 954 29 955
17 503 39 839
13 70 27 36
7 998 13 509
2 993 5 997
8 350 24 801
7 887 29 139
6 159 15 40
22 848 31 807
13 558 30 965
12 778 30 541
10 696 16 911
14 33 27 806
26 305 30 818
35 205 36 801
29 298 37 243
10 165 20 429
21 778 39 816
15 254 24 973
24 735 25 341
3 268 12 137
10 759 14 231
8 541 19 862
10 814 29 832
7 433 36 933
5 129 26 511
10 474 30 511
5 97 39 881
4 314 40 117
4 551 30 2
36 464 41 413
8 391 36 445
13 40 22 65
7 344 17 372
13 897 36 960
19 129 30 58
18 139 36 78
22 503 29 356
13 698 15 944
10 886 24 929
0 921 22 231
2 689 27 844
8 70 29 171
19 175 24 348
11 305 40 403
0 657 15 131
12 233 13 141
4 415 24 62
17 455 23 775
9 82 28 36
9 466 25 150
1 157 35 67
21 822 26 781
6 241 14 159
28 674 36 447
16 584 27 725
7 842 21 945
33 875 41 950
0 864 18 441
17 424 31 476
10 436 33 409
1 955 16 261
26 958 37 97
15 818 24 891
13 278 20 670
7 174 18 542
27 57 35 34
14 72 37 739
31 747 33 335
24 970 26 39
1 299 30 95
8 130 10 61
1 624 24 772
26 395 35 837
26 593 37 455
16 439 35 249
24 342 41 288
22 217 31 103
4 34 20 21
0 903 33 1
7 789 17 558
37 758 41 750
21 243 26 97
3 95 30 130
5 990 17 696
13 936 17 971
24 201 35 125
20 808 22 181
12 987 33 423
28 66 31 8
