0 1
542 84
18 11 49 1
6 127 80 994
23 439 82 112
24 450 67 57
8 245 30 653
9 49 27 382
1 916 63 363
20 154 23 150
31 304 83 732
29 692 44 317
58 986 71 55
16 210 39 527
12 714 63 179
25 670 62 964
24 401 79 95
26 657 77 825
12 349 27 74
61 492 81 342
6 874 39 941
6 50 59 44
56 118 82 500
6 296 20 377
56 725 57 925
50 41 61 791
1 447 27 807
34 805 79 945
5 989 37 195
51 978 68 984
30 949 48 815
7 821 57 375
28 294 41 697
31 515 70 556
18 946 70 958
68 790 80 827
24 21 43 12
25 696 43 334
16 659 70 992
42 677 49 669
3 298 58 676
20 774 28 930
30 51 76 5
46 535 73 80
30 563 36 933
1 255 24 339
48 814 76 694
10 560 22 586
26 805 75 915
32 684 81 987
66 511 83 590
17 210 64 992
60 855 70 866
54 923 58 981
17 979 33 994
8 103 23 28
24 55 65 19
5 35 49 25
10 623 46 718
51 426 69 749
35 254 55 182
50 888 66 555
33 851 82 916
7 209 57 239
44 418 48 917
32 748 70 899
61 987 66 718
69 417 81 962
3 543 12 165
23 342 78 219
10 87 49 6
10 36 83 118
4 180 80 421
31 530 73 195
3 485 29 117
15 441 35 635
7 461 76 34
18 782 69 231
26 962 35 978
5 603 26 9
0 897 74 387
6 941 28 993
46 49 66 44
4 208 19 423
14 212 75 746
35 369 61 476
5 228 71 856
32 830 68 216
64 401 76 905
10 117 83 561
23 960 29 348
9 802 25 211
5 40 57 433
65 611 66 808
7 217 42 242
1 24 18 734
42 939 74 959
2 914 12 700
12 943 72 964
48 648 79 626
1 242 25 915
17 360 55 476
13 222 65 28
17 717 50 604
12 343 47 384
31 870 67 961
7 674 48 897
7 672 46 98
73 484 83 587
63 401 79 445
13 943 65 569
35 470 36 984
8 202 20 75
24 555 60 832
21 189 74 390
42 69 78 355
9 865 59 968
9 837 24 907
51 52 55 971
15 510 38 456
59 622 60 176
14 201 16 81
39 738 80 646
4 413 55 697
1 816 83 892
18 423 41 876
10 955 56 958
45 398 55 888
23 542 31 684
46 989 47 990
51 671 74 677
2 690 55 250
22 269 46 123
5 111 59 74
45 251 63 666
9 796 48 955
14 403 65 940
9 121 15 18
16 231 34 528
1 727 57 162
42 555 50 652
51 352 80 287
15 884 48 942
42 635 44 417
14 309 81 530
54 112 61 866
24 257 44 221
23 395 25 588
14 448 33 994
6 221 54 183
8 788 16 565
31 746 65 418
19 19 50 16
29 777 49 58
27 491 58 767
8 159 22 630
10 840 52 954
1 882 62 953
51 915 72 951
36 601 82 974
38 136 55 100
26 616 39 1
11 619 19 367
46 250 73 107
48 653 73 599
23 456 79 156
29 892 78 306
6 543 12 984
33 896 82 953
25 553 54 445
9 362 22 852
1 899 71 935
2 137 6 14
24 349 75 138
9 408 17 685
19 705 52 874
44 882 50 967
6 548 36 702
6 377 44 863
27 397 64 804
4 801 28 952
4 516 15 896
0 817 64 981
21 170 45 164
21 782 36 823
7 160 26 159
20 565 34 602
20 146 72 930
29 174 72 350
22 479 23 670
54 645 61 757
59 983 68 961
0 632 29 388
56 299 59 16
6 63 72 329
37 565 57 821
17 346 34 623
44 381 72 726
3 541 39 236
44 996 74 1001
12 704 45 250
46 376 50 45
3 586 53 650
64 969 66 627
4 98 25 86
41 627 55 447
23 562 57 532
14 363 18 614
33 790 50 483
28 220 52 125
11 653 75 847
0 530 11 723
19 460 59 410
17 625 19 682
37 313 67 266
38 855 40 384
31 872 77 957
34 765 42 521
16 480 17 438
16 930 53 958
11 759 40 335
6 477 37 836
22 647 49 193
41 84 70 115
44 624 60 966
3 717 68 624
14 600 31 137
2 801 56 13
7 66 69 451
62 180 78 107
7 864 56 978
20 943 71 709
0 602 46 391
38 882 57 987
32 99 53 624
15 495 26 403
13 779 45 283
34 902 61 782
8 642 35 339
12 463 55 562
51 530 83 968
32 570 69 609
20 714 63 797
3 93 22 651
48 915 55 834
42 775 69 440
15 999 60 282
4 753 16 262
43 916 68 114
26 64 78 406
59 477 74 834
29 431 81 401
29 76 68 1
8 185 64 78
21 177 59 1001
2 933 78 644
26 624 30 810
25 123 75 67
10 160 29 199
11 225 51 153
16 399 57 228
39 381 49 748
19 271 78 74
12 607 24 629
54 261 62 345
22 829 51 153
30 50 63 34
24 809 50 725
20 321 46 983
26 765 52 783
7 28 63 14
65 465 79 140
46 426 64 374
5 797 83 812
6 207 49 183
19 105 52 625
38 337 77 555
37 682 80 583
10 340 56 717
43 996 54 101
45 62 57 8
52 754 69 106
20 171 22 663
4 697 53 985
36 581 79 60
40 934 67 993
8 444 42 69
35 111 77 819
13 202 23 878
12 712 80 642
19 564 74 740
22 718 38 75
26 63 33 324
13 527 33 483
33 129 36 383
19 883 67 964
2 602 4 451
2 633 12 942
22 302 26 295
31 972 39 981
41 395 51 114
39 718 61 801
48 211 50 93
8 180 52 55
35 460 81 834
23 166 79 106
29 941 44 997
31 933 75 589
29 675 56 180
8 384 11 209
62 396 80 104
23 723 64 627
20 954 40 100
49 134 81 880
42 837 66 700
23 392 24 186
20 463 60 892
76 988 78 952
9 360 55 608
33 487 77 970
13 291 78 156
51 422 62 541
41 288 47 136
41 12 75 9
46 888 65 92
17 937 51 974
25 264 73 215
33 547 59 413
1 90 25 931
73 432 78 79
0 227 24 199
58 329 65 285
41 156 43 92
4 343 25 344
7 447 16 441
29 463 38 225
11 878 72 182
41 987 50 985
14 947 42 989
7 757 9 721
9 695 46 837
24 847 49 295
2 468 19 108
10 202 60 75
1 845 59 970
73 665 80 949
49 911 81 996
2 155 52 840
12 387 20 125
45 999 56 1000
27 567 29 886
22 196 37 35
5 296 22 913
64 660 82 850
11 966 16 578
50 369 75 816
38 282 64 575
6 355 9 11
2 777 11 377
61 895 66 477
33 606 35 563
4 951 29 993
17 233 66 98
0 532 24 71
9 977 27 995
26 36 36 638
38 158 51 773
47 860 61 484
14 764 53 820
4 948 55 508
20 417 27 218
28 105 32 43
79 852 80 913
57 266 62 962
50 611 53 133
15 762 69 937
34 114 41 754
27 860 53 142
29 921 79 845
9 419 59 579
10 263 79 117
42 249 57 43
72 192 80 121
54 332 70 664
20 899 27 135
20 838 29 933
24 529 27 511
18 924 40 434
16 784 38 966
15 283 57 26
1 797 36 920
20 209 50 54
7 781 62 955
47 743 60 446
4 905 10 255
9 390 30 604
4 723 67 943
14 452 52 679
4 775 42 840
8 106 17 18
20 899 56 677
36 438 64 175
23 442 33 279
39 170 45 70
18 669 51 469
53 997 69 1001
17 766 22 844
30 170 70 748
9 220 63 100
18 885 58 661
4 328 60 520
35 921 70 984
15 647 67 769
8 535 25 317
6 513 49 104
26 337 54 302
0 973 24 975
6 640 51 771
23 586 74 724
53 675 57 977
78 404 82 962
0 559 65 136
31 732 65 432
61 297 68 138
3 766 48 601
44 53 47 50
43 184 81 483
10 911 70 923
16 280 32 228
4 936 30 946
22 549 63 110
2 932 11 182
21 547 24 614
15 528 44 484
11 328 51 212
63 274 67 723
20 16 37 414
62 932 67 653
4 504 28 932
56 740 59 244
39 928 57 986
10 538 83 590
1 793 16 595
64 53 69 3
8 248 73 105
47 430 51 40
11 959 81 904
27 127 52 297
9 249 44 982
4 141 45 798
17 698 37 821
18 252 56 51
48 555 58 566
14 399 64 679
45 434 62 507
20 702 28 946
31 266 75 728
27 444 67 283
6 866 60 895
1 890 69 627
35 587 39 556
44 946 47 986
69 934 72 990
6 291 64 586
60 650 65 714
57 800 72 865
17 157 65 437
27 661 80 911
18 406 82 95
63 62 67 804
17 505 77 784
5 483 46 15
1 557 61 559
32 472 66 925
28 184 43 122
51 768 68 624
13 279 46 257
0 533 31 71
15 327 25 398
53 544 70 709
33 126 62 159
11 325 30 749
11 48 47 44
47 491 66 264
68 164 80 685
34 343 67 53
36 228 63 168
5 743 75 804
15 648 55 959
48 462 70 274
30 165 43 106
25 898 44 597
58 746 78 840
13 24 68 349
25 504 67 249
43 100 45 26
3 111 46 738
32 283 39 237
42 646 67 662
21 893 46 965
58 715 74 357
53 176 81 817
23 723 30 556
17 297 81 98
34 255 44 222
28 433 67 331
13 25 56 2
26 564 27 716
27 688 73 343
8 260 73 168
56 879 74 917
16 244 65 89
17 642 34 708
62 601 79 581
12 505 63 343
69 761 83 791
40 887 58 938
25 442 60 327
63 296 74 677
25 66 35 35
27 524 54 885
26 573 50 280
40 104 71 259
27 45 64 821
56 675 76 900
70 22 80 10
59 955 60 72
37 358 76 154
1 611 9 656
13 853 65 116
28 706 75 497
33 419 38 982
34 319 80 182
30 820 44 514
7 650 38 728
3 50 36 38
30 475 36 501
7 663 48 963
23 461 70 805
25 48 83 108
35 573 56 727
39 570 52 1000
8 459 22 687
74 319 75 96
