20 20
47 11
3 723 8 478
1 293 7 146
1 86 9 28
0 529 5 108
4 432 6 772
0 184 7 695
3 78 10 965
5 720 9 545
3 716 7 384
1 253 5 615
4 628 5 661
5 735 7 627
3 97 8 80
1 553 2 740
6 977 8 1000
0 461 10 623
2 814 3 942
2 478 5 529
4 931 10 955
7 678 9 932
0 216 5 692
5 962 9 324
2 544 5 951
2 626 5 673
3 207 10 894
6 341 9 198
0 840 1 518
0 561 8 188
3 170 5 853
6 701 7 846
1 628 2 354
0 623 9 141
1 46 5 803
0 675 6 138
1 590 6 345
0 640 3 671
5 230 9 215
6 560 7 840
5 498 7 92
2 167 8 591
0 425 10 438
0 613 3 859
2 795 7 558
0 509 5 960
3 10 4 9
0 545 4 354
1 192 4 808
