30 10
90 10
2 560 3 594
1 125 7 44
6 767 9 971
6 280 7 237
1 803 6 660
4 202 6 109
0 329 5 223
6 721 9 966
2 411 6 131
2 898 7 349
7 787 9 10
1 578 9 738
2 501 4 467
3 178 6 867
3 994 7 69
0 342 1 925
2 419 5 560
1 200 6 42
0 783 4 571
0 475 2 690
5 614 6 117
1 944 4 210
4 642 7 584
2 805 8 865
5 158 7 53
1 648 6 510
4 706 5 744
8 234 9 288
1 887 4 889
4 547 5 117
4 319 9 140
3 818 5 998
3 63 8 786
0 710 9 910
8 141 9 306
3 910 7 355
1 422 7 346
3 623 7 209
2 351 4 915
0 910 2 991
1 721 7 452
4 616 7 746
2 12 6 358
0 665 1 89
1 853 4 88
0 58 4 779
1 827 5 834
0 694 6 991
3 319 7 278
3 60 7 26
2 798 9 864
3 856 7 542
0 348 1 597
0 189 5 47
2 128 7 15
1 495 4 319
6 859 9 863
1 969 8 192
0 625 6 992
0 214 8 366
5 150 8 954
2 856 6 976
4 945 6 950
8 572 9 851
2 866 9 889
0 27 2 0
6 235 8 535
2 969 3 984
4 261 9 53
3 85 5 848
0 202 1 514
0 239 4 74
0 649 6 1000
0 507 6 107
5 624 7 241
1 441 2 356
0 355 8 650
1 134 5 702
0 764 7 286
2 405 4 397
2 911 6 962
1 97 9 55
0 463 5 891
3 524 9 529
0 578 8 826
7 963 9 987
3 335 4 218
2 434 5 423
6 951 8 953
6 279 9 53
