480 9
6 278 7 237
1 305 8 960
1 309 2 907
3 223 5 686
4 335 6 873
0 482 3 448
3 879 8 902
0 726 6 643
6 219 8 185
1 814 4 475
1 601 7 674
0 55 4 19
7 822 8 942
6 805 7 818
1 646 8 854
1 14 2 1
0 255 8 678
4 602 7 857
3 492 7 151
1 194 3 127
5 915 8 303
1 266 8 416
2 607 5 377
0 216 1 118
2 763 3 653
2 62 3 42
0 392 1 326
0 983 5 745
1 482 4 211
3 875 6 221
1 491 8 672
7 100 8 30
2 643 6 169
4 490 7 929
1 530 8 993
2 205 3 179
2 980 7 449
0 764 3 714
0 547 3 519
1 625 6 982
0 902 5 983
2 449 7 383
4 693 5 862
0 563 1 315
2 966 4 485
1 20 8 132
1 555 5 970
1 146 6 92
4 914 6 928
1 708 6 786
2 561 3 270
0 829 4 592
7 511 8 997
2 630 3 85
5 521 6 430
0 310 7 33
5 469 7 391
0 206 6 181
0 286 5 221
5 610 8 848
0 287 4 240
2 710 5 59
1 835 6 862
2 989 3 992
0 12 1 3
0 229 3 150
0 635 8 493
2 252 5 118
1 709 2 762
0 730 1 316
2 257 6 33
0 926 4 737
5 43 8 563
0 568 8 240
0 169 2 91
3 532 5 460
0 624 7 97
1 914 2 938
1 800 7 906
3 828 8 957
2 516 4 288
5 236 6 412
1 158 8 707
0 943 3 827
2 219 3 183
1 144 7 64
2 275 8 245
2 338 5 146
3 392 4 0
2 848 7 310
0 232 3 938
5 633 8 743
3 287 7 218
0 403 6 801
1 831 2 517
2 509 7 728
5 184 7 6
0 69 6 26
2 437 5 541
2 582 6 637
6 255 8 121
4 664 5 742
1 102 3 650
1 723 3 943
4 860 6 872
0 819 1 50
0 831 7 777
6 916 7 932
4 192 8 667
0 226 2 765
0 684 6 386
1 427 5 474
4 566 7 968
2 929 8 983
5 410 6 159
2 966 6 621
2 496 6 162
5 418 7 208
1 745 5 737
2 265 4 247
3 525 5 584
2 552 3 449
3 598 4 855
5 80 6 371
2 470 5 701
7 576 8 678
2 130 5 113
3 527 6 641
0 884 8 671
0 579 2 593
0 872 6 79
0 409 5 455
3 486 4 34
3 795 4 515
3 662 6 851
3 818 7 953
7 744 8 805
0 848 2 366
1 600 2 611
5 968 7 828
6 590 8 159
3 221 5 96
0 56 7 894
2 866 8 358
3 216 7 231
7 81 8 973
2 248 5 206
0 307 6 286
4 189 7 840
4 483 6 997
3 60 8 52
0 825 2 963
1 412 8 125
3 310 7 175
1 543 4 519
3 994 8 998
1 966 3 408
6 11 7 6
4 558 8 934
4 559 8 767
1 926 4 663
1 728 2 803
0 609 8 326
1 366 5 976
4 330 7 468
2 982 7 171
0 731 1 397
0 142 7 12
0 853 2 524
2 640 8 303
1 497 8 835
6 142 7 517
5 570 7 37
4 121 7 585
4 750 5 902
0 968 5 984
2 165 5 157
5 551 8 188
2 933 7 938
0 904 7 241
3 512 5 322
6 34 7 923
0 95 1 37
2 110 8 91
0 790 4 476
2 21 4 7
0 737 7 907
1 960 5 985
3 429 6 619
2 156 6 21
2 861 7 392
0 961 4 827
3 264 5 439
5 732 6 191
0 504 6 35
1 38 6 36
0 89 4 1
4 473 7 477
3 370 6 967
3 491 8 621
0 180 5 122
3 209 5 317
4 224 6 953
0 237 4 149
0 21 1 18
0 389 5 804
1 404 2 464
4 321 6 874
6 331 7 849
1 292 7 72
6 369 8 427
3 710 6 824
1 851 4 89
1 103 3 230
3 925 5 977
1 278 8 268
1 141 2 6
1 787 5 912
3 120 8 978
4 198 7 614
1 822 8 922
2 296 5 266
2 809 8 167
3 893 8 909
1 154 8 853
2 987 5 996
0 19 4 12
6 481 7 398
2 41 3 40
3 698 6 971
0 444 3 361
2 440 3 419
7 605 8 829
4 192 5 667
1 529 4 408
4 708 6 863
5 821 7 697
4 453 7 598
7 329 8 212
3 905 8 178
1 306 8 318
0 72 3 26
7 747 8 942
1 738 3 981
2 150 8 128
3 755 4 821
3 48 5 947
0 832 4 453
4 487 8 631
2 396 3 215
0 455 6 166
4 532 5 673
0 996 5 997
4 56 6 94
4 281 7 345
6 54 7 20
1 800 8 867
1 331 2 268
1 206 4 158
3 302 7 40
1 11 3 380
0 777 2 930
2 270 3 172
4 184 6 311
1 608 5 919
1 870 4 93
0 185 7 851
0 583 4 320
5 490 7 981
2 300 5 699
0 991 1 997
3 128 5 79
2 178 4 32
0 90 4 5
1 450 8 582
3 189 8 87
0 361 7 247
0 881 7 122
6 825 7 927
6 191 7 175
5 636 6 152
0 351 1 6
4 864 8 990
1 968 8 556
0 656 8 1
6 653 8 802
1 607 8 879
2 278 6 527
4 327 6 929
3 18 7 443
6 829 8 897
0 520 6 997
3 542 4 194
0 485 3 371
0 612 7 361
1 644 2 780
6 373 8 251
4 680 7 751
3 681 8 881
1 648 6 603
2 726 6 879
0 20 8 964
2 596 4 523
1 797 7 919
0 638 1 132
0 705 2 799
3 410 7 773
3 538 5 768
4 753 7 906
1 177 3 93
5 42 7 41
0 783 5 529
2 44 6 15
3 435 7 820
4 757 7 909
4 165 5 956
1 454 7 896
4 937 5 943
1 678 7 864
4 537 7 694
4 294 8 345
0 90 2 287
0 945 4 975
7 227 8 901
6 814 8 933
2 888 4 362
3 996 5 998
2 339 3 268
4 798 7 982
1 651 2 749
2 849 4 465
2 853 5 645
2 850 6 85
2 545 7 9
2 426 7 261
3 878 7 920
6 503 8 538
0 75 1 23
3 172 7 830
5 149 8 486
2 553 8 794
2 376 7 330
0 234 3 75
2 474 3 561
1 539 2 758
0 788 7 491
2 556 8 786
1 900 6 961
4 788 8 985
0 226 8 972
1 314 5 107
3 392 8 884
2 63 7 34
1 785 6 924
0 231 5 345
2 908 4 613
1 13 6 132
0 815 6 899
2 457 3 683
1 419 3 564
1 436 2 458
5 913 6 983
7 771 8 370
1 155 8 51
1 43 6 433
2 948 3 857
2 525 4 108
0 725 8 841
2 716 3 503
0 935 3 409
3 416 7 137
3 771 4 132
4 767 6 940
3 956 4 452
1 972 7 38
3 352 7 656
4 508 8 663
6 204 8 866
0 896 6 954
1 853 5 307
0 202 8 46
3 598 4 353
0 563 6 110
2 864 7 240
3 262 6 248
2 250 4 227
2 927 3 806
2 966 5 944
2 356 4 83
5 290 8 252
1 787 7 837
3 903 5 940
6 741 8 278
3 93 5 80
7 865 8 996
0 616 8 145
0 736 8 744
3 322 7 336
6 432 8 997
0 172 3 134
4 567 8 895
0 634 8 232
4 670 5 848
0 752 4 117
1 866 8 962
4 880 6 896
1 508 3 772
1 301 6 964
3 572 5 807
3 219 4 116
0 501 3 158
4 770 7 802
2 450 5 24
7 292 8 483
0 857 8 884
3 545 8 351
5 322 8 842
2 138 6 462
2 582 4 520
1 292 8 575
2 219 3 966
3 275 5 805
3 862 7 965
2 548 8 800
2 30 7 11
1 682 8 502
1 978 4 123
0 411 6 34
2 784 5 47
1 607 2 915
1 231 3 454
5 23 8 606
0 637 3 504
0 860 6 227
4 604 8 616
0 179 5 61
1 506 6 870
6 803 7 957
4 671 8 823
4 209 7 747
5 697 6 878
2 940 6 926
1 488 7 197
4 178 5 834
0 40 4 36
2 562 7 459
1 619 6 955
2 406 8 7
2 20 4 6
5 542 8 287
6 820 8 266
0 59 7 11
1 661 7 358
1 189 3 134
2 75 6 24
0 658 7 285
7 677 8 638
4 346 7 690
1 915 6 987
3 413 5 832
2 905 3 118
5 484 7 48
0 126 3 42
2 179 3 17
2 831 4 317
0 444 5 802
0 612 5 284
7 545 8 34
4 167 8 979
3 785 8 794
0 904 7 342
2 747 3 71
6 178 7 674
0 246 7 48
5 583 7 642
5 243 8 65
4 855 8 972
2 456 3 291
0 765 6 383
1 760 4 665
