2788 45
18 161 37 116
24 363 32 290
8 78 17 619
26 559 31 641
34 352 37 93
10 744 13 803
16 508 38 890
12 313 30 712
1 318 7 46
15 546 36 990
11 96 36 16
29 481 31 207
1 853 28 889
5 853 33 977
5 205 18 823
8 240 17 921
21 566 22 718
1 765 33 865
5 915 16 997
42 813 44 987
5 855 27 946
32 764 33 937
14 707 28 75
14 844 19 559
13 202 42 395
0 611 9 271
11 431 15 323
3 489 42 123
28 346 35 931
0 210 37 89
0 136 26 132
17 875 36 906
22 423 43 166
23 487 42 694
4 189 9 252
21 569 33 918
30 133 39 911
23 150 38 6
31 60 33 926
2 905 18 945
8 688 20 943
21 688 30 192
16 499 20 180
18 959 35 291
7 43 25 33
24 516 32 649
1 988 41 698
33 280 39 721
9 321 15 212
13 616 24 838
8 450 41 941
34 55 38 10
12 233 13 898
30 672 33 885
4 485 12 344
22 855 33 567
13 288 15 829
30 554 43 963
6 671 33 471
15 374 37 67
33 662 37 355
8 590 9 800
21 313 30 120
1 688 4 573
39 935 44 970
38 478 39 420
15 583 43 995
14 133 21 100
27 637 29 564
10 990 31 996
4 316 6 334
4 500 37 888
1 557 24 504
10 478 14 723
4 967 43 984
10 820 11 950
0 22 22 5
11 810 12 661
26 733 40 813
13 105 34 73
25 161 41 132
18 33 23 14
2 891 22 943
0 391 35 194
39 172 43 86
32 890 39 905
6 699 39 554
9 250 36 196
20 479 43 811
11 469 18 491
0 609 34 572
5 43 9 619
7 956 22 988
13 844 43 940
6 544 33 152
27 857 32 260
12 549 40 974
2 906 34 900
10 663 28 827
3 778 13 631
31 916 42 922
14 807 19 296
15 667 36 68
22 102 28 20
10 214 32 320
24 15 34 12
30 265 36 642
42 285 43 884
17 157 26 476
10 109 34 915
36 673 43 880
15 355 36 627
34 913 37 922
21 248 30 449
25 510 28 841
15 980 16 953
32 813 43 905
35 729 42 737
1 731 41 368
15 987 28 989
6 614 40 237
30 506 38 274
33 344 39 342
21 68 37 520
31 122 36 926
30 927 33 993
24 290 40 40
5 110 18 515
31 61 43 694
3 278 5 90
2 561 18 272
20 699 40 982
1 146 6 358
25 237 42 251
5 843 28 886
2 800 9 927
2 315 7 301
12 158 27 299
3 387 27 204
17 729 26 682
1 147 23 96
10 563 26 527
8 932 37 993
14 517 30 270
34 905 38 965
17 874 40 651
6 85 8 79
30 895 40 953
38 347 40 470
1 648 39 243
31 131 32 707
24 256 40 138
26 207 31 47
32 732 43 888
35 946 39 705
19 87 29 708
22 112 38 62
0 522 11 308
35 548 40 336
1 252 23 996
7 710 37 622
3 47 39 43
11 16 12 15
31 570 43 618
23 897 35 625
25 760 26 788
6 957 43 307
2 578 16 976
19 823 22 921
39 488 42 716
7 741 42 766
6 735 17 655
8 637 22 849
6 301 41 232
20 528 30 716
16 371 31 275
1 766 36 977
29 367 36 925
21 616 27 818
18 795 40 613
28 244 40 903
10 672 15 757
15 873 34 863
5 493 43 556
7 555 11 879
3 378 30 200
8 797 19 837
14 962 27 963
12 342 29 461
24 322 42 511
25 730 27 751
6 615 35 439
8 845 37 938
31 445 39 546
29 41 32 861
22 525 44 44
18 807 33 180
1 151 35 122
26 279 32 238
34 763 37 951
22 957 39 39
25 319 34 281
24 581 39 102
0 361 8 105
15 92 35 76
36 845 39 667
24 888 27 75
6 689 29 423
40 425 44 786
5 28 8 6
28 699 30 813
11 856 28 362
18 779 35 933
27 745 34 330
17 546 42 216
33 963 39 324
10 602 13 610
0 168 30 53
15 485 33 779
17 174 35 172
28 302 37 228
1 678 7 541
22 412 32 285
22 320 30 152
32 530 37 269
20 770 24 895
4 504 30 82
32 587 38 385
18 277 42 74
8 493 9 967
10 366 38 882
7 740 35 415
1 30 11 18
0 151 4 19
13 540 32 18
29 554 38 601
6 129 33 112
33 599 41 26
0 304 6 925
30 411 40 961
23 326 27 882
33 970 43 332
18 975 22 400
20 44 21 240
5 384 14 557
8 449 41 419
16 694 29 689
25 264 35 66
18 61 32 27
17 826 21 205
7 521 38 416
9 701 24 892
6 272 14 11
4 59 29 990
6 852 22 470
32 559 43 796
36 167 42 22
8 88 21 31
7 752 16 949
3 214 41 200
7 842 41 656
2 411 30 733
2 429 16 727
9 660 18 724
4 592 24 995
15 506 33 73
2 249 8 892
22 162 28 39
16 98 22 393
19 579 32 921
10 50 11 595
1 300 8 322
10 657 22 767
24 19 41 4
18 581 27 327
6 402 19 100
26 927 43 970
9 354 18 36
12 738 24 854
9 184 33 162
7 206 21 825
1 256 34 123
1 278 28 9
12 141 43 458
7 972 28 862
38 141 44 654
30 574 44 586
16 385 27 839
35 579 43 663
9 41 27 157
2 711 23 898
15 772 26 614
9 359 18 26
4 552 23 673
22 556 34 466
32 162 38 88
28 165 38 38
7 639 11 961
15 52 32 38
0 42 36 17
14 205 22 709
2 252 8 84
5 751 21 757
5 600 26 551
3 329 13 8
7 434 34 383
0 837 27 238
6 783 31 239
26 146 38 3
3 153 27 109
0 70 29 25
19 365 23 927
12 128 30 56
35 792 38 625
4 773 37 897
8 427 25 999
6 847 41 73
21 730 28 125
11 33 27 948
1 30 4 14
35 604 37 98
2 890 3 962
11 958 24 998
22 401 35 380
28 436 37 209
19 653 24 983
16 266 40 123
37 71 41 53
9 621 20 763
1 403 24 36
8 744 38 143
3 350 5 179
31 575 37 9
21 374 28 922
20 643 22 717
13 826 34 470
23 620 29 557
33 548 39 891
8 455 14 574
7 966 44 990
18 10 25 2
3 796 15 113
10 595 17 999
1 405 27 771
14 181 33 180
29 900 44 160
1 162 10 143
3 67 22 381
1 706 39 429
19 905 41 970
15 801 16 85
2 589 21 348
17 262 40 987
9 521 18 734
43 33 44 10
1 812 17 909
6 764 31 741
11 74 39 232
1 836 33 529
20 617 23 764
1 56 3 436
7 616 13 674
31 749 42 857
0 357 33 433
19 274 21 651
19 154 31 17
18 948 32 888
38 59 41 910
27 800 30 135
8 733 20 97
16 749 40 559
35 513 37 134
34 98 40 925
11 679 39 996
7 253 25 171
16 235 39 56
1 305 39 171
5 980 33 1000
27 922 41 822
23 69 39 23
5 325 20 79
6 298 15 137
5 927 10 622
18 935 43 551
4 586 16 646
19 858 29 873
12 38 39 22
2 432 32 821
31 899 40 953
21 337 42 791
11 181 31 155
24 907 26 4
36 554 44 853
27 911 28 493
13 517 17 673
17 852 26 407
6 998 37 848
0 187 35 343
23 981 43 991
21 131 41 110
11 906 36 951
12 635 34 76
36 717 41 254
26 969 34 286
10 428 18 957
8 520 12 993
3 826 38 90
27 414 37 185
12 605 30 69
3 581 13 103
23 750 38 54
11 699 30 53
18 112 19 108
15 980 20 252
30 762 33 969
21 881 39 936
22 814 42 852
13 257 28 138
6 406 34 18
10 580 40 905
20 765 32 567
1 285 40 97
6 815 7 778
1 801 13 609
30 437 33 62
3 835 34 912
21 196 41 18
5 579 32 406
29 679 30 621
10 789 38 843
5 853 26 885
7 966 18 752
32 147 37 260
0 925 33 706
3 528 44 255
0 192 8 122
15 128 42 912
13 399 33 666
1 965 42 999
19 621 20 624
8 970 21 994
4 163 21 122
6 508 29 427
33 277 37 52
33 39 39 12
5 209 25 46
30 932 35 966
19 124 28 233
27 751 29 277
24 803 26 982
9 160 37 61
36 557 44 60
7 658 34 535
6 885 41 778
34 189 36 739
10 71 16 528
6 972 36 125
22 865 37 363
4 22 30 990
23 753 39 537
10 438 12 970
7 299 13 487
18 330 35 985
8 545 23 869
10 422 43 692
1 154 18 946
4 545 42 766
17 908 43 758
20 970 35 981
26 586 30 625
11 237 39 59
8 20 23 983
15 548 42 659
36 956 38 23
9 981 20 954
0 233 2 208
9 923 41 824
15 310 22 514
8 135 33 873
21 728 40 970
11 254 33 228
34 735 44 250
22 376 36 648
7 615 10 422
13 293 34 824
17 193 39 26
27 883 37 387
5 906 20 871
32 837 40 986
10 788 17 838
16 148 22 236
41 722 43 731
39 505 44 694
30 840 31 422
9 333 33 1
15 647 25 148
31 282 41 568
9 287 20 19
2 403 20 282
0 129 10 108
13 430 26 393
0 134 11 371
0 238 31 81
37 653 39 505
25 847 44 994
5 836 23 967
2 935 9 975
8 873 40 927
30 863 34 372
25 51 37 38
25 791 26 877
29 198 32 719
9 153 30 138
4 313 32 72
12 344 28 76
17 71 42 404
10 578 34 604
5 735 23 868
5 813 18 920
6 362 23 46
30 748 39 773
6 401 24 154
6 19 25 12
18 301 34 209
12 833 43 890
28 775 40 143
8 33 18 28
32 355 40 457
13 928 40 156
9 790 10 708
21 578 32 745
6 599 38 419
15 809 21 315
3 571 6 777
25 550 37 385
28 85 37 536
0 96 17 481
15 244 26 740
5 402 28 84
18 368 41 273
4 139 12 307
12 768 23 808
12 434 32 691
9 64 35 46
13 448 27 902
39 58 41 25
15 146 28 138
36 349 42 521
3 158 7 127
19 227 35 810
16 706 36 755
8 720 38 516
34 615 38 53
10 927 44 984
2 470 34 722
7 891 26 223
26 157 36 464
30 372 36 982
5 589 39 84
7 63 23 212
8 433 41 636
4 947 11 952
24 311 30 279
6 449 15 440
0 551 26 411
15 337 34 129
1 283 30 73
35 406 43 953
10 842 43 873
30 716 43 856
12 345 33 10
6 956 37 538
7 430 21 760
14 633 42 933
12 134 16 593
32 499 43 905
20 570 25 546
21 745 28 13
2 28 8 247
32 964 36 970
23 466 28 320
22 433 23 228
15 859 25 118
18 653 30 449
3 442 35 211
23 891 43 976
27 649 29 27
4 293 8 711
11 366 18 564
22 491 40 13
21 111 25 336
11 255 17 260
2 205 16 467
3 475 13 237
33 188 40 267
4 218 9 570
2 588 22 718
2 430 15 846
7 371 11 396
21 114 36 683
25 384 30 738
31 954 35 990
20 191 31 66
8 435 23 756
3 22 6 1
11 32 30 18
21 619 30 94
32 573 38 143
27 936 35 675
27 930 28 383
6 44 23 3
33 736 35 39
3 875 10 625
26 422 27 601
17 93 44 24
15 791 20 212
6 872 13 826
10 572 14 656
11 89 39 81
8 542 13 779
14 406 25 85
19 108 43 959
0 153 2 115
5 526 13 706
28 561 36 667
1 958 2 587
1 719 25 301
20 133 44 955
4 669 27 778
15 250 20 24
13 981 43 997
32 465 33 940
16 190 32 842
17 118 19 113
24 439 39 89
3 984 14 852
16 405 38 316
8 545 31 496
15 588 29 833
14 905 33 934
3 182 38 1
32 399 38 158
1 865 36 315
2 95 38 412
24 71 42 347
21 615 22 984
7 532 15 722
1 69 15 370
28 602 35 858
21 424 27 887
0 662 14 602
19 33 30 66
11 599 18 637
15 70 20 54
31 628 35 846
35 706 37 824
17 160 28 1
0 619 34 274
31 420 41 948
34 990 35 997
11 316 29 235
9 817 23 632
17 782 29 420
11 498 19 219
9 394 13 245
24 951 26 713
17 172 27 93
18 826 34 569
10 946 37 952
22 866 37 707
27 107 40 11
25 914 36 957
8 261 26 12
3 932 24 927
30 293 35 34
6 429 28 147
26 239 33 409
36 504 38 46
0 848 17 620
29 134 31 28
10 309 36 810
7 544 28 222
30 717 42 908
18 152 44 64
32 628 37 512
25 641 31 979
31 442 42 168
23 625 34 973
5 220 11 971
17 860 25 351
0 629 30 47
27 557 31 239
12 477 20 612
15 671 37 903
0 904 2 814
7 352 43 943
0 806 18 224
34 742 39 919
32 794 42 857
1 43 12 27
5 663 37 124
0 321 39 45
3 227 25 178
24 514 41 329
25 613 41 1000
18 301 29 805
21 751 40 835
17 878 35 583
19 266 26 967
18 876 39 773
27 424 30 688
16 76 27 484
28 578 42 964
2 925 10 975
31 746 37 527
7 255 17 678
31 203 40 206
19 515 40 681
31 949 37 978
12 173 35 360
10 172 20 234
31 590 36 676
16 288 42 101
18 657 30 212
11 905 39 265
0 698 27 23
17 148 20 98
19 75 24 276
3 681 8 358
17 630 18 11
12 341 42 729
2 847 23 926
14 232 28 48
31 171 39 886
10 539 12 559
26 106 39 152
36 121 41 101
3 450 20 317
3 600 9 810
21 417 32 56
19 702 31 881
22 858 23 906
13 676 34 484
33 778 39 451
31 896 32 924
36 423 42 968
26 981 28 992
15 90 26 67
18 138 28 44
19 109 27 249
24 475 42 770
13 411 22 888
21 778 39 990
27 855 41 425
6 932 14 803
25 33 28 71
8 42 28 67
20 463 36 652
0 69 14 18
13 454 37 635
24 198 27 407
32 521 36 769
13 858 25 966
1 649 21 427
24 95 25 87
3 87 33 43
9 955 14 606
22 229 29 555
1 774 33 947
38 11 41 561
23 217 33 274
33 573 41 15
6 765 32 476
0 247 6 230
9 617 11 133
23 128 43 556
16 28 25 571
5 34 16 17
0 107 23 102
13 296 19 444
12 550 31 217
10 255 11 304
14 661 33 688
7 896 19 39
43 96 44 13
1 858 21 212
15 141 37 64
2 894 13 906
11 591 42 304
25 995 40 1000
10 487 36 752
13 749 18 855
0 389 6 980
6 462 38 340
16 962 19 815
27 66 37 4
16 719 21 694
19 938 29 946
18 847 38 924
7 515 42 534
42 111 44 870
2 894 18 896
3 238 28 80
5 35 23 2
0 562 4 366
24 681 25 76
29 906 44 909
1 936 34 31
0 598 30 30
7 178 44 877
36 638 44 436
22 529 26 177
22 411 44 129
16 985 18 39
20 793 40 981
21 790 23 964
38 836 41 979
7 439 34 95
36 430 41 103
6 291 25 132
16 539 27 782
0 472 21 47
32 980 35 991
11 761 24 972
15 666 32 464
25 1000 29 1001
16 455 38 438
7 507 26 961
30 274 41 886
6 873 44 372
12 445 17 972
3 549 9 130
35 268 38 208
31 747 39 945
10 248 15 267
13 71 44 104
13 87 34 955
12 853 44 964
8 729 25 787
12 777 36 932
36 908 38 592
30 375 44 41
1 698 18 982
18 186 37 154
32 643 34 438
7 587 26 593
21 883 31 299
16 627 22 674
36 248 39 26
14 184 36 137
18 682 36 733
23 191 27 196
6 121 38 87
1 458 25 749
9 281 31 117
11 911 44 988
3 629 41 420
9 767 24 877
0 296 7 292
2 517 31 123
23 489 38 931
1 468 15 661
6 411 15 516
9 316 17 248
5 934 28 924
16 814 32 173
0 261 30 45
2 389 5 971
18 308 31 35
25 118 39 827
6 597 10 395
31 570 42 929
3 174 25 7
7 416 13 350
11 523 41 340
27 413 31 372
31 687 41 811
2 472 10 466
33 716 37 607
2 160 17 1001
39 549 41 216
27 551 28 948
9 216 28 20
26 671 33 681
23 847 28 100
12 194 44 727
11 431 29 205
17 356 35 124
0 472 11 455
15 739 40 582
15 700 44 100
11 690 19 632
2 170 25 68
0 835 36 783
2 245 35 931
39 507 44 629
6 321 42 130
22 255 23 55
5 672 17 687
5 431 13 481
6 953 17 1000
4 541 7 0
10 759 31 945
4 233 18 856
10 260 19 347
20 917 24 946
23 732 39 855
29 589 33 731
15 322 21 109
32 658 40 986
19 646 30 171
31 860 32 950
4 919 39 921
12 57 22 871
30 347 41 131
13 508 19 112
14 11 18 867
4 762 37 630
3 749 21 734
8 48 34 30
7 791 41 249
26 836 44 943
30 756 42 946
0 912 31 239
28 212 43 957
6 953 22 974
9 816 23 703
3 208 18 180
25 830 36 952
15 769 23 741
20 774 39 783
12 846 41 879
31 490 38 882
26 777 30 869
1 460 40 90
1 146 23 316
18 618 31 52
0 475 19 298
13 784 44 876
3 558 40 426
31 539 32 676
7 933 39 393
33 634 36 832
8 789 17 885
29 46 30 24
10 462 26 82
22 700 32 491
8 388 27 946
19 152 31 983
9 707 39 365
0 50 25 11
1 759 21 266
3 183 31 98
0 264 13 78
10 37 41 876
1 209 44 153
6 938 44 787
15 254 32 77
17 744 31 673
18 48 30 246
11 705 32 496
26 319 32 76
11 67 22 722
15 694 33 248
13 226 44 6
1 945 27 953
16 875 26 518
6 35 14 9
15 559 24 445
12 983 16 996
5 115 14 392
19 909 21 72
14 286 23 399
33 111 38 103
19 428 29 425
27 142 33 118
5 626 39 660
42 440 44 280
8 760 43 954
30 435 36 671
0 44 15 27
9 431 24 190
23 895 26 412
35 765 44 916
34 449 39 169
3 680 24 987
3 708 37 388
19 103 38 24
1 919 30 268
31 774 33 778
6 619 11 767
6 168 27 124
24 25 30 6
8 654 31 54
23 969 32 418
34 922 35 962
7 651 11 705
11 244 12 119
2 968 41 988
15 60 40 18
29 685 43 831
16 685 28 668
19 778 35 540
5 503 14 708
26 976 36 997
6 857 33 200
8 96 27 651
24 504 41 342
3 487 16 316
10 729 34 237
12 496 35 620
4 621 26 808
31 870 35 882
4 472 38 955
8 464 43 943
0 704 38 336
25 746 39 710
31 257 41 424
5 943 27 998
10 332 43 484
27 424 32 211
24 108 41 15
36 913 38 403
10 807 14 864
15 677 42 938
8 365 13 720
8 636 25 471
36 644 38 437
4 706 43 916
16 289 27 831
9 271 22 220
4 138 36 121
12 947 13 991
26 380 44 894
5 995 9 997
19 80 25 262
26 994 33 1001
26 108 32 62
1 279 24 383
22 630 32 585
15 936 18 961
17 72 40 23
29 614 38 590
17 739 42 791
14 557 28 63
3 980 18 922
34 594 35 386
9 25 41 14
8 278 24 715
7 250 14 815
6 979 36 407
12 466 27 511
33 569 36 813
31 507 32 299
33 353 42 88
13 568 31 471
27 161 37 74
38 825 43 948
12 387 38 98
24 354 35 24
3 251 32 213
20 189 35 725
28 207 44 674
21 693 27 764
2 185 30 812
10 582 38 395
8 694 17 793
24 581 31 514
4 275 42 722
19 855 39 271
19 906 25 17
26 23 27 11
1 287 20 186
29 337 41 18
3 739 7 721
20 559 27 618
9 932 30 115
8 975 31 985
14 862 16 30
31 697 42 917
20 968 44 997
0 840 18 970
14 802 28 950
1 660 17 993
8 416 41 118
13 921 25 126
36 781 44 969
6 799 16 318
2 263 22 880
0 500 23 12
13 367 35 312
5 829 44 861
14 194 40 81
15 123 37 61
14 450 18 898
22 738 37 134
30 934 39 46
12 53 16 379
5 751 12 734
14 107 23 861
30 937 32 962
34 410 43 912
26 471 39 445
36 48 43 8
24 15 39 14
8 630 35 428
6 111 10 104
8 335 19 337
4 542 37 668
9 775 19 209
5 913 26 768
0 693 29 379
37 630 40 803
10 17 12 393
24 140 36 552
8 170 13 729
28 302 40 132
12 667 35 821
14 770 41 100
5 228 27 918
3 185 28 128
19 172 35 573
4 154 19 307
25 66 28 16
19 577 44 975
17 735 36 400
22 117 27 321
10 12 22 380
7 251 31 199
11 282 25 127
1 297 17 179
15 860 19 726
9 102 43 84
2 730 14 796
34 241 43 866
5 978 19 740
38 251 40 738
29 77 35 660
27 228 38 185
2 102 22 245
20 671 31 860
26 757 33 874
22 518 25 423
30 480 31 183
38 663 42 764
3 718 10 518
20 154 36 1
26 919 34 877
4 808 31 946
17 837 44 557
4 234 8 167
0 673 23 94
34 670 37 735
9 854 36 559
25 345 34 434
30 47 31 40
25 811 27 841
8 519 16 661
34 175 42 560
18 279 26 144
0 203 18 984
2 585 35 999
17 14 35 4
4 710 29 798
20 380 30 941
0 278 24 611
15 986 28 351
7 793 10 620
12 550 43 377
0 578 4 553
19 566 35 935
12 90 44 651
28 334 40 974
12 834 22 929
14 175 20 5
16 952 30 633
3 948 42 164
18 778 24 921
10 991 16 996
13 842 23 849
11 27 14 342
28 180 36 192
20 212 35 563
11 875 38 73
34 436 44 780
15 733 34 630
10 267 41 277
0 399 20 273
17 603 30 108
21 154 27 653
3 381 32 387
7 461 18 874
17 415 21 152
6 440 10 268
26 73 37 1
13 709 39 801
7 442 29 664
40 43 42 249
15 592 34 407
33 925 37 0
5 895 35 976
23 735 44 952
41 746 43 876
31 96 42 382
1 99 36 617
22 452 24 193
6 71 27 40
14 59 18 315
33 164 34 116
9 503 18 783
11 988 13 560
2 748 25 682
15 921 16 27
20 149 24 162
20 434 42 741
14 326 31 106
2 329 34 884
14 304 35 211
30 75 34 349
27 383 29 267
19 850 39 942
2 19 32 400
28 594 41 687
20 889 40 577
8 329 20 426
30 639 40 805
32 53 37 562
4 1000 38 13
39 167 44 233
16 682 38 355
20 328 23 630
15 425 39 993
30 460 38 869
24 371 39 270
0 932 29 93
6 883 7 374
8 524 31 910
18 261 26 172
21 113 32 75
38 418 43 421
5 637 36 996
6 509 27 994
34 245 43 278
34 569 44 125
33 354 43 2
22 806 44 917
4 872 9 874
0 301 11 117
11 993 18 994
4 94 39 523
13 801 18 911
4 267 15 524
10 214 37 810
24 244 44 159
10 278 26 361
10 82 33 175
15 421 23 177
5 675 7 723
35 196 37 744
22 69 25 128
21 492 38 869
2 790 28 993
8 171 11 691
16 882 41 522
14 825 18 973
36 739 37 339
21 548 44 706
20 241 24 280
36 126 39 25
8 210 37 115
33 986 34 75
19 758 39 187
13 119 38 26
4 429 21 898
37 625 42 817
29 808 32 780
9 982 27 376
8 97 36 937
12 563 21 264
24 746 31 152
11 313 28 157
34 449 42 631
33 389 44 975
17 50 30 38
1 962 11 990
35 19 38 12
3 76 33 15
22 445 40 55
28 299 32 179
31 676 42 920
6 734 34 505
29 417 35 811
27 62 28 31
19 978 37 653
21 285 23 449
14 661 29 609
30 431 36 581
37 319 40 402
26 72 33 53
16 650 44 9
2 592 18 873
5 415 28 48
7 356 19 276
9 760 34 565
22 388 32 121
17 275 32 135
30 984 31 788
27 934 34 180
25 558 34 798
16 80 33 2
7 499 10 392
3 54 25 10
13 512 16 565
20 822 26 2
18 148 27 9
11 26 30 1
1 751 42 808
9 477 11 280
2 493 37 142
15 839 36 903
10 634 21 836
23 847 29 657
9 541 13 939
17 166 39 59
32 790 34 409
35 964 44 969
1 170 35 37
15 854 19 368
20 397 42 401
36 513 37 10
9 936 26 956
14 227 19 204
8 866 14 906
1 322 13 258
19 721 24 890
8 881 39 981
1 771 4 678
13 267 25 231
23 274 43 881
22 687 33 181
0 569 22 454
15 193 38 122
5 255 13 455
28 885 38 962
12 388 24 719
19 895 43 902
6 54 31 468
30 32 40 15
17 798 35 159
6 166 40 55
2 446 25 221
25 468 33 810
8 883 41 223
2 558 32 579
3 938 10 24
8 804 26 822
14 645 31 246
26 432 32 1001
22 402 32 223
9 398 21 140
0 977 5 326
24 41 35 25
10 529 32 818
4 485 21 559
1 213 12 53
21 925 34 457
6 868 23 636
30 417 32 744
3 691 37 552
32 675 38 28
12 294 40 894
6 242 7 216
2 449 36 726
23 396 44 807
20 569 44 737
11 294 24 102
16 520 20 154
0 178 29 510
6 846 44 676
3 11 24 5
2 820 11 983
35 898 41 31
2 596 31 141
10 308 19 953
22 267 33 57
19 601 43 703
9 334 27 316
19 504 27 573
31 805 40 816
34 613 42 872
13 463 43 848
32 545 41 92
15 846 37 749
11 670 30 329
30 222 42 528
16 496 38 85
17 26 23 8
21 552 38 206
6 460 40 81
18 104 38 77
24 119 31 61
1 303 4 158
10 420 28 607
6 108 14 377
30 271 41 195
41 183 42 422
25 467 43 488
20 294 31 0
11 602 20 266
10 115 24 985
10 660 37 934
3 303 9 243
17 167 22 704
0 961 43 256
17 527 40 121
0 759 16 688
12 209 18 332
1 729 18 765
7 621 23 623
5 746 34 976
6 732 24 922
30 424 40 704
15 789 40 373
6 923 32 951
1 741 37 143
32 212 37 38
10 226 37 11
3 800 25 487
15 288 38 261
3 231 33 11
11 209 20 41
30 138 37 40
33 133 41 37
10 249 43 442
17 481 41 129
16 945 17 1000
10 59 25 47
25 648 34 897
11 391 13 38
8 994 32 996
4 31 13 161
10 323 22 550
4 202 41 377
22 885 40 831
16 562 19 245
27 784 44 813
9 623 39 207
21 214 25 90
31 306 32 244
8 640 34 817
2 717 41 618
4 144 18 888
5 868 44 931
3 224 41 133
19 60 37 2
32 145 33 79
1 912 22 971
1 151 43 150
3 436 9 245
33 948 41 344
9 145 39 42
26 403 40 989
24 417 44 113
2 676 19 396
5 769 42 795
21 674 41 730
7 447 34 772
17 238 33 180
2 555 38 637
21 532 34 592
5 775 12 134
8 925 34 949
9 689 25 196
32 150 41 90
15 828 24 890
21 463 37 208
34 898 36 971
22 350 27 82
28 531 44 543
11 932 20 450
24 521 37 473
30 614 43 845
3 857 20 375
0 873 22 471
7 288 18 991
31 810 43 889
11 172 35 83
17 269 22 387
20 747 31 864
5 774 43 989
8 586 44 982
13 885 33 959
22 393 38 317
1 796 3 984
2 713 40 792
7 82 29 372
8 148 44 723
30 802 36 904
13 372 23 417
21 322 38 701
20 534 30 662
0 734 35 216
25 220 31 597
11 265 24 372
17 637 21 452
1 754 33 989
2 185 10 169
3 723 36 369
6 474 9 880
4 908 9 986
20 643 22 764
23 573 40 117
13 259 27 270
23 392 32 19
28 310 35 208
3 822 25 636
27 292 41 132
17 376 24 911
12 403 24 713
28 51 44 724
17 661 38 938
10 445 44 478
5 163 33 474
3 119 44 13
0 979 23 28
5 170 30 474
15 463 37 340
20 898 44 954
17 328 33 544
0 370 19 126
8 866 30 911
7 956 12 862
30 490 34 141
17 980 43 990
23 622 25 758
5 505 33 957
3 52 33 27
7 554 19 796
4 525 24 699
20 310 41 233
20 698 24 951
19 904 24 1001
4 646 40 761
1 213 34 10
16 830 34 377
14 208 41 457
33 586 38 188
7 730 13 807
4 271 19 819
2 295 21 515
15 406 27 366
11 904 13 75
7 115 18 438
15 508 44 940
30 367 31 97
6 196 13 95
27 67 44 8
12 145 31 48
3 111 44 7
12 775 13 826
11 677 24 895
8 848 20 952
7 257 28 995
22 619 31 355
25 582 30 601
6 805 35 447
18 479 31 292
22 972 34 237
0 348 15 269
2 876 5 945
28 501 39 959
20 797 24 856
6 372 32 45
1 542 30 514
40 690 44 951
3 257 15 72
0 825 4 529
20 325 29 799
21 348 28 360
2 355 30 335
3 953 27 28
3 53 39 34
14 745 35 321
3 591 32 309
1 584 17 751
5 341 40 669
20 859 22 947
27 283 37 51
18 363 28 5
4 842 29 925
7 838 42 1000
25 179 30 248
26 100 36 895
33 624 38 513
4 137 39 149
11 24 23 17
3 186 16 46
0 33 37 0
1 638 23 377
3 393 41 267
0 49 27 6
12 868 15 940
17 153 34 123
7 385 15 712
23 898 34 597
1 24 17 749
19 507 28 542
2 967 22 984
26 996 41 997
22 309 39 47
5 805 8 107
0 497 24 562
14 40 40 24
21 525 25 279
25 327 29 778
10 236 22 459
21 392 40 434
33 19 37 6
19 793 22 796
6 183 32 138
4 232 44 716
6 732 17 355
10 81 39 558
32 356 42 449
1 120 27 740
32 308 43 775
9 607 25 433
5 37 25 326
3 712 30 444
22 482 29 376
17 436 38 927
13 478 19 252
2 915 9 958
8 626 36 695
6 287 24 328
4 639 19 593
1 508 32 934
8 227 17 713
4 932 9 992
9 548 28 316
19 319 39 233
32 762 38 298
12 156 35 655
7 732 43 985
20 715 29 558
12 791 38 898
20 719 43 999
10 872 26 965
33 203 38 97
35 918 41 984
21 32 42 22
4 125 33 868
32 428 41 61
4 260 16 897
36 479 41 332
28 929 29 933
1 211 20 195
29 910 39 299
3 708 16 176
28 642 37 734
26 923 37 945
33 293 38 154
0 662 32 307
3 69 5 910
17 258 21 35
1 767 19 514
1 346 26 51
22 706 31 421
31 618 35 971
6 299 43 903
18 340 35 4
12 560 20 391
7 14 44 192
1 464 44 206
38 780 43 955
3 500 13 389
3 483 7 356
24 806 38 480
19 173 22 191
15 213 38 89
4 67 40 819
19 981 24 989
32 614 44 791
2 659 35 789
24 455 25 158
18 83 28 36
23 353 44 387
2 977 14 993
9 202 27 233
0 468 22 406
1 693 3 985
11 328 19 319
16 242 33 37
9 903 21 646
25 354 38 218
16 918 26 531
25 868 42 988
22 120 29 78
2 746 8 749
3 969 26 117
42 663 43 636
3 212 22 905
16 393 23 83
3 137 44 480
8 896 37 956
15 224 17 77
12 376 26 60
21 513 24 908
10 82 14 929
26 789 34 824
4 507 10 884
13 617 27 792
12 828 41 673
18 665 37 1
30 669 33 889
4 47 39 554
0 210 36 86
18 968 23 91
0 350 40 82
20 969 26 978
22 156 44 531
21 568 31 525
1 195 42 90
2 92 44 863
2 327 44 906
39 136 41 37
6 632 16 472
6 522 26 363
35 195 44 38
7 658 26 156
6 48 44 8
1 469 11 578
8 778 21 113
37 516 43 569
29 462 39 366
28 978 34 438
5 449 31 235
28 853 33 929
23 154 37 126
15 373 25 150
12 911 44 915
20 947 23 954
27 665 32 10
34 560 39 799
22 249 31 104
35 561 43 62
7 419 42 608
15 554 16 413
38 431 43 994
13 272 38 13
0 321 12 8
9 816 28 73
25 897 42 905
17 918 20 518
33 46 36 497
22 719 33 260
23 103 38 90
9 313 28 181
3 479 15 408
16 520 35 3
2 321 11 322
17 352 21 240
7 928 14 983
19 919 35 947
7 279 24 432
11 78 17 870
1 35 14 205
2 40 8 734
5 815 41 292
4 922 36 993
27 563 39 72
4 514 7 180
21 929 33 935
13 343 42 427
3 527 10 493
11 606 39 854
2 475 29 681
2 420 17 920
18 472 41 425
32 161 33 81
37 658 44 780
18 959 23 997
28 371 44 873
1 604 16 647
7 663 8 771
20 237 31 192
4 574 42 596
1 657 17 469
29 932 32 957
17 508 44 112
11 94 43 69
7 247 37 168
12 984 43 995
4 658 20 833
11 560 34 56
21 423 28 369
15 579 31 321
24 695 31 65
3 734 13 19
0 895 41 880
22 760 40 198
18 852 29 924
11 793 16 391
17 976 23 975
21 514 27 188
12 966 18 967
0 641 36 451
21 86 28 39
3 329 15 322
3 242 20 169
0 435 31 207
12 395 44 479
28 829 44 953
37 769 41 806
32 646 40 781
27 884 30 786
3 860 36 113
20 948 37 50
18 74 38 9
29 183 37 112
11 19 22 443
9 983 38 337
8 565 40 865
19 862 28 943
2 679 6 904
22 131 33 65
33 297 40 444
7 220 16 926
11 735 13 260
1 439 7 4
16 664 24 793
5 730 23 269
19 336 38 232
1 554 14 213
0 321 7 188
1 438 15 643
6 747 25 480
14 503 35 408
27 536 43 489
25 910 33 987
5 696 16 974
3 670 18 301
6 179 8 18
2 668 14 887
22 915 24 932
31 154 37 397
19 600 28 616
18 705 32 278
11 643 44 303
19 561 29 850
2 419 16 451
36 942 41 464
16 342 25 258
11 254 35 85
4 638 25 475
11 912 12 980
0 508 36 265
13 935 30 903
7 974 41 996
9 602 38 214
4 971 29 989
15 143 43 353
7 46 43 236
18 301 24 872
22 997 24 1001
0 503 12 348
23 484 24 576
10 924 38 989
8 195 12 484
2 201 39 149
20 472 39 809
13 585 31 571
29 584 39 87
5 212 26 36
35 927 36 937
2 47 43 691
5 496 39 55
0 736 3 709
16 360 44 178
29 547 35 47
6 194 9 40
12 293 36 727
23 913 37 268
0 41 33 14
20 436 34 746
9 246 31 216
20 781 31 807
29 206 36 527
21 555 30 136
15 225 41 14
1 592 40 435
9 799 29 529
35 524 43 571
22 460 42 582
13 663 23 117
24 714 30 216
4 723 31 191
34 65 38 444
11 620 25 548
14 150 43 79
1 714 27 49
15 919 34 11
8 464 11 533
6 383 31 353
17 624 24 628
11 277 17 991
13 121 31 31
1 19 6 316
2 794 38 909
14 791 17 882
19 843 41 937
36 679 38 363
14 427 33 718
13 71 33 52
8 161 39 702
3 997 33 511
19 397 42 845
34 823 37 415
26 553 35 72
20 170 42 857
16 550 44 116
38 616 41 637
6 999 35 703
24 418 28 240
26 529 44 863
18 178 23 300
5 272 33 548
11 498 27 773
1 919 25 213
4 338 43 754
23 217 43 320
32 781 37 365
4 292 25 864
10 638 19 918
22 672 30 30
8 799 28 822
20 911 39 923
26 578 33 921
31 818 38 239
12 522 24 998
1 600 30 335
0 703 15 612
9 740 43 105
0 865 44 711
7 744 34 104
32 88 33 63
16 930 22 983
22 391 38 353
12 52 34 36
38 576 40 646
12 384 42 929
38 985 43 998
24 886 29 12
3 345 42 521
5 558 20 329
5 501 29 458
9 353 33 122
18 575 28 277
21 421 40 947
4 538 35 495
24 202 43 182
4 669 40 970
0 89 38 81
40 654 43 992
5 55 19 0
17 529 42 606
22 531 35 69
9 615 25 264
4 444 24 887
13 646 14 725
3 65 34 60
33 820 39 796
4 471 25 372
3 781 35 114
7 587 20 658
36 661 37 27
38 993 42 994
12 853 42 884
15 242 40 30
25 51 44 170
20 545 24 929
6 93 34 59
25 44 36 354
10 627 25 978
23 972 27 975
0 787 40 778
1 777 28 841
36 611 39 182
8 674 34 971
28 291 33 640
17 243 28 183
33 200 38 7
18 235 34 222
14 878 26 334
9 751 13 669
30 452 39 664
6 386 33 128
25 289 26 385
13 442 19 42
39 494 43 854
5 622 11 836
0 210 20 47
17 347 24 125
42 919 44 833
2 974 25 978
23 147 33 656
26 618 35 478
2 461 24 737
7 784 23 875
7 654 38 681
20 295 40 390
2 305 39 43
1 478 4 313
0 508 37 664
2 78 44 757
11 807 19 560
8 737 19 239
14 277 28 103
20 573 29 922
11 183 36 351
28 467 33 925
14 573 42 688
15 30 17 274
12 121 23 843
10 577 38 887
16 767 27 628
42 979 43 926
3 572 16 139
1 665 21 107
1 605 22 13
7 996 31 849
14 136 39 41
11 950 23 288
2 104 32 975
8 234 40 128
22 677 31 260
23 184 36 35
5 230 17 473
18 411 37 155
17 426 29 289
22 464 43 373
8 900 42 974
1 829 9 987
3 487 7 285
34 249 42 762
14 694 37 300
7 877 38 930
33 874 35 161
2 21 28 6
33 346 35 521
5 707 29 68
2 595 32 472
16 579 21 826
31 859 41 118
27 192 41 84
2 90 27 189
18 220 24 425
21 64 35 926
10 784 39 283
24 863 42 939
41 871 43 981
16 883 18 322
8 190 26 854
19 935 31 967
5 935 44 942
25 283 39 308
1 635 17 658
34 866 43 909
8 579 34 653
26 688 29 994
19 205 30 775
32 165 40 827
0 252 6 933
10 946 30 113
27 770 35 91
29 824 39 883
22 724 43 82
0 364 16 148
29 679 32 871
15 870 33 378
25 31 35 105
26 482 32 990
21 23 33 524
20 977 32 985
13 615 29 266
6 956 11 811
14 582 22 853
9 513 19 303
0 118 11 11
9 76 44 22
0 52 32 30
14 472 33 317
11 766 14 352
20 641 34 738
6 944 19 29
29 199 44 601
10 701 29 858
11 772 38 735
30 129 36 365
3 281 39 191
15 931 35 398
0 575 12 491
15 532 43 103
25 483 44 837
2 166 42 781
3 956 12 345
7 416 39 373
13 174 42 317
2 413 18 700
23 38 30 554
0 983 30 529
19 196 31 23
17 455 34 377
12 576 37 499
4 895 9 932
5 817 19 805
4 352 6 971
12 602 25 933
26 283 44 40
9 345 35 106
9 15 17 3
28 140 44 335
5 859 24 912
17 869 41 40
16 224 32 161
0 511 29 157
5 360 35 207
21 690 22 973
23 319 26 36
8 535 22 868
2 662 16 784
22 728 36 594
2 489 40 245
14 357 24 171
21 295 31 119
7 709 39 770
28 109 33 807
21 323 29 106
24 462 33 335
6 497 42 190
12 936 14 114
15 754 38 547
11 959 17 1001
11 11 21 5
12 63 42 196
20 723 39 757
18 112 39 56
24 906 29 101
0 339 7 133
26 642 28 903
21 925 25 992
15 295 16 100
7 203 27 596
17 904 23 965
13 688 28 92
2 868 23 932
0 180 39 53
16 436 24 698
7 277 31 291
7 938 38 916
13 979 19 706
3 80 43 38
33 703 42 799
9 335 24 69
4 708 22 756
21 776 43 994
16 395 18 554
3 661 41 653
3 220 41 59
43 805 44 863
6 910 13 372
8 256 41 710
15 718 29 417
25 76 27 928
7 267 27 526
6 202 38 82
0 889 19 58
13 822 17 863
8 270 18 760
37 881 43 911
40 119 43 82
13 17 42 727
1 509 26 444
14 31 37 12
3 310 32 210
6 888 41 569
23 285 28 269
29 315 34 234
2 420 22 584
22 23 31 7
19 653 36 943
22 591 36 763
10 468 22 745
7 216 44 775
0 123 18 622
34 54 44 731
15 639 38 24
12 232 28 52
24 193 34 176
24 312 33 51
17 62 27 24
13 745 42 939
2 98 29 22
15 586 26 444
0 212 15 783
10 195 28 985
24 726 32 296
9 611 30 446
38 718 41 832
11 752 39 312
23 874 29 913
8 351 44 798
7 940 32 996
7 565 15 815
33 343 36 700
13 704 18 775
24 866 31 737
7 545 22 668
42 126 43 61
23 102 24 381
26 96 36 908
4 762 36 834
10 441 13 445
35 335 44 336
7 645 37 402
16 215 43 683
9 680 10 180
26 92 32 18
15 15 33 2
8 689 30 340
1 894 6 983
23 676 38 308
14 209 41 37
10 942 36 963
19 189 42 206
1 139 26 33
27 743 40 444
3 860 5 387
11 719 34 14
32 959 42 1001
8 229 24 961
24 142 37 95
0 590 8 85
33 966 42 513
13 316 21 365
32 397 35 568
4 905 41 136
20 411 40 477
6 838 11 502
10 799 24 979
29 772 36 970
25 626 39 40
13 472 40 655
37 547 43 932
25 913 28 542
8 880 21 951
25 535 35 561
12 47 28 592
2 841 18 917
26 150 44 74
6 418 43 152
0 298 3 242
34 18 35 122
4 206 6 519
35 389 39 83
11 902 12 353
23 494 29 432
11 534 37 392
10 46 18 195
7 725 35 32
13 989 27 997
20 287 28 308
13 364 23 240
21 802 37 3
17 37 42 21
9 77 14 389
1 901 17 384
10 101 40 730
7 372 16 779
32 20 44 8
2 888 9 987
6 158 43 138
0 374 1 499
6 304 40 194
14 719 19 215
30 691 40 732
15 325 17 180
13 277 42 508
15 651 25 237
26 792 42 970
21 814 41 891
3 548 38 342
30 33 35 637
24 411 37 174
9 531 42 270
25 814 41 873
39 503 43 793
2 765 12 871
32 143 44 279
14 397 36 213
0 327 33 83
4 367 10 245
0 867 11 378
23 988 26 596
16 578 29 41
3 883 29 217
14 980 16 815
6 514 33 202
9 165 40 140
10 730 30 754
5 44 29 3
17 511 30 192
30 958 32 967
10 195 14 450
31 457 44 519
2 864 7 935
11 719 14 980
0 119 40 88
39 848 40 923
28 932 40 980
13 355 28 425
3 447 20 391
17 183 33 94
10 269 28 281
1 834 8 56
3 350 41 246
7 189 12 61
5 452 31 129
27 961 29 53
11 644 43 921
0 826 6 769
1 816 32 338
2 655 38 200
7 233 12 675
7 790 17 171
26 604 33 865
6 527 22 218
13 152 39 695
16 346 41 302
8 126 39 360
3 494 38 47
26 971 35 998
27 117 34 66
29 201 37 718
19 909 36 917
0 314 18 156
12 44 19 244
7 63 29 48
25 781 37 903
10 163 44 863
24 587 27 827
21 220 31 608
6 680 21 256
22 368 41 291
17 877 36 913
10 796 35 906
35 27 36 500
13 699 42 828
29 908 39 583
0 876 13 443
33 813 44 645
11 83 38 58
4 841 17 885
15 780 41 509
23 776 32 325
17 380 19 195
18 388 30 346
36 110 44 733
6 167 44 296
15 707 42 402
11 43 19 36
1 336 16 168
25 102 38 885
14 274 17 476
4 131 22 208
2 437 35 558
30 448 31 221
3 59 28 53
27 696 44 514
37 642 40 930
6 744 13 85
1 799 14 687
3 705 10 645
16 500 25 156
1 157 11 185
0 484 9 934
2 64 33 404
4 982 15 987
12 677 40 822
5 499 37 431
23 970 25 463
29 176 32 131
5 206 17 873
14 960 15 164
21 282 39 20
30 923 44 974
6 192 24 520
37 561 42 620
10 233 29 326
21 170 41 130
14 564 19 244
32 277 43 349
10 692 30 815
12 580 18 821
17 320 36 436
30 35 41 29
14 32 18 886
11 60 28 38
2 708 38 692
18 454 23 68
14 996 22 997
1 944 42 976
22 48 34 20
22 504 43 647
14 796 39 464
21 753 42 983
30 646 36 721
14 282 26 30
8 218 39 638
11 134 33 140
13 153 16 184
13 685 43 944
23 242 35 49
4 317 33 110
6 315 18 307
5 205 36 925
14 907 32 9
6 236 7 43
9 679 18 966
36 278 39 230
17 304 28 662
8 654 42 949
39 865 40 919
3 323 31 224
27 564 31 323
24 549 44 276
2 81 10 854
3 697 25 473
5 735 13 996
7 331 11 116
17 824 36 835
30 130 32 82
21 121 42 205
0 381 10 369
3 436 43 167
12 255 29 2
4 142 26 898
7 649 18 983
20 61 31 306
9 65 20 62
15 412 35 769
26 644 34 672
7 401 20 440
22 539 31 209
35 65 37 299
4 850 21 853
4 57 16 712
15 436 28 433
20 450 35 982
16 136 35 265
22 911 34 201
5 152 39 56
18 808 43 786
29 120 40 84
29 696 30 743
4 765 40 810
7 449 20 878
18 687 37 13
21 948 43 1001
27 769 34 142
9 143 35 43
9 238 24 990
12 777 20 883
4 27 12 394
12 884 40 929
3 301 33 258
24 406 41 281
31 713 33 482
14 62 29 13
23 202 31 28
17 959 19 43
0 552 16 12
1 898 18 934
0 609 40 438
17 409 42 450
35 245 42 635
2 884 16 887
8 385 12 74
9 221 20 160
12 717 35 86
30 140 44 432
1 577 37 293
21 323 24 677
10 463 20 691
14 306 44 813
15 494 32 128
8 794 26 929
18 523 34 170
14 865 22 128
14 802 17 849
13 347 29 814
3 593 17 426
17 889 29 384
13 255 40 605
25 759 30 875
1 497 15 795
10 684 17 958
17 300 31 60
7 396 23 699
5 613 41 799
15 268 31 102
7 632 40 658
29 696 34 289
4 423 25 859
11 764 15 796
5 573 44 724
7 315 19 176
4 903 6 921
5 810 28 127
0 571 11 515
9 573 36 711
19 250 27 856
15 423 21 209
16 24 24 321
16 369 42 989
14 104 29 30
19 517 31 883
20 215 35 708
21 632 40 835
32 704 38 387
30 420 32 444
32 402 34 316
37 460 42 937
14 439 24 730
26 459 39 227
1 370 10 46
25 545 38 681
16 289 24 434
5 60 28 40
26 103 41 668
8 998 43 999
19 166 26 1000
4 28 31 7
13 173 16 570
2 231 30 510
27 304 37 23
6 946 8 733
21 442 22 891
6 928 34 756
20 853 24 896
21 195 38 84
3 974 4 806
8 407 34 561
0 869 13 135
3 597 13 312
7 978 44 982
8 28 27 826
2 914 27 984
7 601 31 528
1 348 16 742
7 636 28 627
35 223 38 44
18 287 37 258
23 871 42 993
26 925 28 172
27 396 33 34
23 809 42 949
21 370 34 171
10 561 37 1001
4 272 42 814
19 420 32 540
27 890 28 317
28 644 36 874
8 242 29 93
19 578 28 685
21 874 22 969
3 679 16 440
23 936 28 146
14 835 22 873
30 751 41 878
18 10 36 0
12 401 36 480
7 531 20 888
10 157 37 262
2 948 16 959
0 641 26 620
30 638 42 990
30 344 34 762
21 189 33 833
2 319 3 665
13 547 34 89
25 490 37 168
15 663 22 774
2 412 44 474
22 217 36 18
0 763 27 937
5 288 38 988
6 169 33 45
8 340 20 585
4 976 30 906
9 812 26 729
33 620 36 649
19 849 27 884
22 527 31 142
27 760 34 355
8 127 12 10
37 277 39 165
1 31 10 23
24 376 41 289
10 768 17 783
8 761 23 73
7 559 11 909
19 513 33 949
39 448 40 662
11 223 29 142
27 402 28 109
7 132 11 912
13 678 28 203
33 484 43 678
2 745 40 825
1 161 30 38
10 386 18 521
13 514 24 663
6 974 34 490
18 666 42 686
7 501 15 817
29 133 31 70
13 671 33 808
23 365 37 261
19 207 25 714
7 376 36 703
31 107 35 746
21 625 39 252
7 142 12 284
8 548 17 807
19 476 29 666
7 140 41 32
0 38 13 21
23 382 32 43
14 258 36 121
15 610 36 907
17 309 20 250
6 819 35 135
32 772 34 342
28 764 42 898
12 773 21 852
10 88 20 52
11 466 34 267
19 552 41 994
0 178 44 379
16 720 44 923
7 408 24 582
17 482 24 641
37 918 38 707
10 635 19 739
19 149 44 882
3 860 4 171
30 264 42 959
6 891 41 602
3 633 7 230
27 255 40 5
33 254 34 692
7 94 33 109
13 465 19 182
3 249 43 132
0 667 9 50
39 661 41 137
27 937 37 836
32 374 38 173
4 668 31 975
20 442 26 103
11 521 36 365
22 544 38 510
12 663 27 936
26 534 41 554
17 580 43 223
7 494 22 523
10 37 31 854
6 727 26 212
18 412 43 379
7 80 10 20
27 440 35 411
2 639 36 805
1 91 4 45
2 287 23 593
10 921 31 679
10 296 19 751
8 591 30 982
22 557 24 840
29 544 38 300
16 577 30 317
2 364 15 773
17 162 30 10
11 237 21 88
3 275 28 201
18 147 40 117
12 136 30 176
10 501 31 675
1 825 6 677
9 999 24 816
29 739 36 925
9 71 20 60
4 255 27 857
1 691 22 666
36 845 37 918
21 826 44 773
37 94 39 987
40 666 44 888
21 769 44 251
18 644 28 501
21 72 27 380
21 282 42 6
4 15 21 469
1 876 11 709
25 367 26 329
17 745 40 688
19 200 21 598
17 206 39 168
7 633 28 930
5 106 43 973
35 680 38 783
0 759 39 616
29 688 37 225
9 430 21 425
26 635 39 725
21 14 31 0
12 956 39 958
12 729 40 365
21 869 37 212
17 185 23 119
1 636 28 14
9 952 23 900
34 403 42 974
15 342 24 213
23 938 44 986
14 823 17 844
6 99 12 4
22 360 40 188
12 424 15 795
16 169 28 136
17 353 23 57
17 100 32 89
26 716 43 471
0 10 21 1
13 421 19 233
3 90 29 717
16 154 36 948
34 173 37 424
3 293 40 128
6 609 15 125
14 530 17 578
17 976 35 488
2 186 37 93
38 427 41 738
0 62 2 49
34 190 42 927
37 432 44 1001
41 49 44 908
26 346 33 898
10 672 26 849
15 110 42 252
0 750 19 538
17 401 38 189
19 79 24 676
31 439 42 484
4 360 43 411
9 116 28 90
10 893 17 987
28 917 36 935
35 138 36 164
19 861 41 937
18 821 23 89
21 758 29 25
3 799 41 477
8 946 33 961
7 230 15 692
13 492 16 272
7 698 14 304
29 825 41 359
19 806 42 964
29 745 39 152
1 728 24 785
2 651 44 747
36 755 41 427
14 565 18 539
28 992 33 999
20 713 25 178
17 98 42 83
