1028 90
45 360 57 136
2 663 28 360
29 603 78 934
15 524 20 803
4 542 58 512
27 624 34 732
29 644 58 237
36 872 73 798
37 102 58 37
13 670 87 323
17 975 80 271
4 401 62 87
70 512 72 297
54 117 76 1001
8 651 80 545
5 998 8 468
4 203 21 474
82 335 88 4
51 489 52 38
28 945 64 23
84 189 88 269
2 630 64 631
75 76 76 653
12 87 35 66
37 714 38 662
43 100 46 493
29 652 31 636
33 265 48 140
41 288 45 37
77 849 87 580
28 955 87 437
49 175 79 101
19 652 77 946
24 392 86 850
18 573 33 409
55 531 87 415
19 912 62 950
34 922 86 994
0 306 9 747
45 283 75 176
9 240 82 984
22 279 70 156
4 847 45 872
56 262 85 109
10 887 62 426
41 118 56 8
36 945 82 272
5 106 77 16
28 188 32 678
17 819 43 717
49 185 54 148
42 683 54 112
49 595 84 463
50 433 86 437
71 981 85 273
35 759 59 508
43 256 60 997
66 649 77 989
14 203 62 107
20 199 36 562
32 95 42 73
38 703 80 79
25 811 39 960
17 334 26 181
25 135 67 60
5 227 83 887
57 968 63 971
9 834 82 542
55 387 86 744
39 809 71 951
19 888 21 875
25 334 27 244
7 71 88 20
3 844 43 288
38 820 62 876
67 118 86 275
58 18 60 601
28 797 68 851
4 536 12 455
20 723 55 942
11 590 30 548
37 162 60 158
44 326 84 1
8 590 16 82
9 725 30 482
13 986 62 376
39 395 70 349
4 372 17 116
44 510 53 95
20 605 53 317
53 206 80 220
18 980 31 725
39 735 64 425
14 318 64 738
21 104 64 607
24 421 33 382
83 333 85 109
12 27 86 488
62 924 81 722
8 973 75 414
50 890 86 937
35 609 48 928
52 112 65 971
45 737 48 253
21 351 31 669
30 563 56 27
4 842 61 617
17 349 23 688
15 282 28 567
19 410 71 18
37 266 73 652
52 123 60 991
15 527 39 163
1 708 59 920
30 45 69 683
39 324 81 259
17 529 44 439
2 267 10 831
68 151 71 92
36 399 65 284
38 297 61 938
27 207 70 140
41 320 57 298
48 61 57 12
11 231 36 250
32 216 46 621
37 483 80 202
54 195 60 351
29 457 71 279
3 760 50 386
79 545 80 30
21 916 37 918
34 875 44 929
11 799 61 980
2 810 30 942
8 295 69 739
21 285 46 994
32 54 55 477
27 899 81 811
32 144 48 215
4 584 34 10
41 522 65 848
9 812 20 52
1 227 25 619
43 379 48 348
56 328 83 100
53 262 66 369
56 367 84 265
27 467 66 993
58 235 86 513
12 304 58 746
14 376 78 227
4 845 80 538
2 153 16 539
8 403 43 299
23 516 27 512
5 671 72 993
6 790 8 919
32 124 53 110
79 879 82 941
28 871 75 620
13 970 52 205
26 472 43 52
23 363 67 975
21 858 24 1000
35 359 48 599
72 838 78 174
12 890 39 250
50 483 51 581
58 108 71 821
15 715 25 842
27 868 42 638
22 516 82 252
68 242 82 856
15 111 19 508
24 184 33 112
5 316 21 433
0 740 37 842
3 401 18 691
46 656 79 178
51 632 54 792
16 14 38 378
3 532 26 525
12 749 20 125
50 363 56 836
50 95 84 54
47 938 58 760
29 748 38 534
14 468 51 140
34 501 55 513
48 939 52 286
37 436 39 721
27 260 61 11
17 576 64 224
16 290 72 935
34 59 58 2
6 459 74 792
3 633 28 843
37 950 88 979
6 167 47 821
23 134 84 90
57 319 72 660
8 263 54 79
34 348 66 207
3 134 33 64
65 186 84 896
28 306 35 422
28 206 59 55
45 117 76 504
14 320 59 65
35 281 77 333
25 765 50 567
36 532 45 620
27 669 56 851
28 912 37 643
38 334 74 186
49 236 78 784
16 841 74 922
42 712 81 376
67 79 76 215
48 128 71 15
4 660 10 80
25 745 54 331
33 594 38 836
56 876 59 105
81 667 86 720
50 872 63 937
17 760 59 532
7 817 82 11
4 826 82 766
8 140 54 4
0 25 11 665
6 301 41 788
22 830 64 247
39 249 44 611
10 863 16 986
17 317 43 52
22 866 24 968
15 479 55 745
12 63 70 32
22 423 31 724
11 505 54 349
80 130 82 714
59 900 68 998
18 281 37 192
37 953 88 530
36 187 84 650
42 709 74 967
44 92 78 216
61 865 84 933
7 608 71 230
12 163 86 453
50 187 87 431
55 741 89 880
30 792 38 859
1 15 27 706
0 414 28 723
26 569 53 549
46 947 47 962
35 619 79 125
38 651 64 299
23 158 69 54
21 369 46 995
25 159 64 76
22 359 61 96
19 367 58 426
33 165 74 704
3 695 28 127
12 598 55 819
58 446 87 488
39 574 53 134
32 910 56 924
33 279 73 270
38 200 67 3
10 232 26 404
33 37 80 320
59 469 88 57
43 694 89 887
39 197 40 3
32 74 52 579
22 841 82 920
34 867 52 303
16 275 41 813
41 272 81 31
9 229 45 36
12 746 68 977
72 325 79 2
12 485 77 675
55 89 59 53
4 291 63 830
19 477 43 134
10 331 57 130
35 334 71 26
14 470 72 132
63 385 75 70
61 364 87 788
36 42 87 16
12 495 28 490
37 486 39 719
51 66 57 797
60 403 83 882
7 537 9 938
1 981 7 1001
64 893 86 936
20 435 56 911
22 654 34 915
34 976 46 989
5 837 39 884
80 995 88 997
20 717 65 823
33 437 78 791
42 566 76 858
25 911 51 838
32 771 73 734
23 936 69 965
9 371 46 672
70 995 85 997
64 645 76 797
0 269 16 75
7 498 83 596
67 535 72 298
41 334 80 845
7 474 86 728
20 445 36 102
65 356 78 1001
45 771 84 159
17 585 81 140
64 760 89 780
30 136 73 78
35 684 52 109
4 643 20 306
23 119 53 2
2 592 38 618
17 259 39 341
44 325 58 99
1 744 85 904
14 296 39 957
2 323 80 912
62 704 77 833
56 429 57 324
23 551 39 78
14 14 66 1
8 749 34 204
41 845 86 973
17 900 72 920
15 980 70 689
9 918 62 661
50 344 88 73
58 380 69 737
5 992 18 996
40 74 84 925
0 708 44 810
85 51 88 48
5 493 71 749
28 611 66 815
37 275 48 244
45 660 52 119
50 326 68 655
59 579 80 816
12 297 73 145
29 857 58 256
14 296 27 255
16 865 85 930
21 173 32 974
36 323 75 5
7 348 31 36
70 994 72 1001
17 481 63 999
22 715 24 807
0 937 56 977
37 548 66 620
4 912 76 932
6 98 7 10
2 363 54 622
25 991 31 693
9 106 44 586
1 556 31 711
9 851 32 894
49 598 69 411
31 471 33 841
1 157 67 47
23 750 47 466
58 765 75 745
20 91 33 195
1 704 21 847
16 436 72 934
18 760 73 400
49 261 70 56
19 824 27 478
0 906 85 937
24 459 37 828
11 394 76 940
77 94 85 885
38 442 72 64
12 99 81 35
38 936 53 678
32 776 89 822
25 614 62 132
3 877 84 865
44 223 85 64
72 798 84 998
55 734 69 269
77 170 82 341
20 892 88 900
35 650 51 286
30 407 83 854
26 121 74 412
11 798 34 931
21 627 25 949
29 280 43 57
53 366 54 177
18 428 65 222
11 948 60 1000
27 636 55 856
36 718 88 864
1 846 89 893
26 250 57 42
39 961 40 731
11 201 56 298
49 660 78 306
48 318 57 300
15 135 35 487
32 107 57 50
60 496 70 345
3 509 53 247
10 608 35 913
47 949 86 11
4 73 71 591
41 873 70 22
32 373 66 306
46 17 65 10
32 299 36 225
30 250 47 197
30 199 36 100
17 766 26 770
0 232 67 836
11 421 76 815
40 457 73 962
9 585 65 328
51 265 85 954
69 302 78 704
50 522 81 934
1 833 6 891
27 126 85 695
44 110 85 18
81 300 84 39
40 189 42 664
22 169 54 66
22 236 63 778
5 938 62 950
58 938 77 962
46 637 49 915
17 596 38 824
7 183 21 115
11 102 78 406
16 525 20 770
15 104 19 717
27 60 33 340
13 745 18 812
6 845 45 928
20 917 43 933
73 858 79 957
25 434 82 754
42 824 77 977
54 268 84 111
27 527 38 970
61 122 66 740
5 421 69 961
47 847 89 960
57 957 84 590
19 507 82 567
42 633 45 661
52 26 89 572
21 60 82 159
24 778 34 498
39 487 63 662
35 752 43 524
7 565 17 600
10 455 51 80
8 186 88 108
51 618 77 987
8 223 68 124
48 82 54 0
30 901 41 875
13 182 21 139
16 968 28 983
21 831 81 999
8 84 70 83
17 512 58 36
27 57 77 199
10 282 24 447
35 662 55 169
8 439 56 216
14 826 65 852
26 826 67 512
36 514 89 599
17 806 71 743
53 67 67 530
26 972 65 358
55 833 80 778
21 95 45 197
65 218 66 938
28 322 53 73
17 649 23 789
2 538 36 762
49 614 82 565
5 932 17 423
14 943 21 809
36 370 85 136
10 618 61 490
64 507 71 644
82 628 85 251
41 574 83 843
76 946 78 221
30 736 79 988
19 817 84 446
28 690 37 638
66 739 73 226
31 374 32 412
15 748 83 952
30 242 37 111
53 544 77 865
1 112 75 40
71 914 75 312
46 816 64 226
48 130 51 40
6 361 38 498
64 184 88 754
6 685 11 838
12 80 69 462
25 650 86 733
46 119 64 115
0 856 29 974
7 679 57 190
11 93 28 665
30 405 82 209
12 157 45 10
62 377 67 967
50 189 61 78
44 151 70 72
30 884 46 999
30 656 87 109
54 33 61 2
50 379 88 580
20 983 84 999
14 49 58 16
21 158 60 299
4 191 32 430
54 484 67 245
34 788 73 169
51 146 63 819
43 754 66 930
77 34 84 33
66 241 83 442
3 418 10 43
56 456 57 204
34 645 58 560
35 506 64 46
0 820 44 152
26 332 56 130
28 324 56 246
0 520 71 695
14 758 49 929
27 244 79 7
3 720 65 509
24 73 68 442
18 108 30 697
15 513 72 532
40 520 43 801
0 353 4 577
8 338 35 140
84 283 88 116
28 226 67 183
16 30 55 507
34 749 43 707
30 774 85 430
20 488 55 645
38 670 50 646
40 704 49 766
74 554 87 474
8 493 44 433
13 607 74 277
4 258 75 242
18 80 65 905
57 948 88 802
41 225 70 31
5 826 65 810
23 185 75 72
24 248 87 121
42 995 74 394
0 462 41 644
17 553 37 320
18 132 73 76
76 709 87 101
10 151 53 44
2 744 39 943
23 834 85 452
9 759 30 973
49 228 77 176
39 590 81 573
54 74 60 351
48 107 57 50
0 161 27 482
45 301 73 176
35 917 42 711
16 142 51 751
31 952 88 991
61 549 62 556
0 770 10 889
0 574 53 690
15 680 76 720
10 408 49 877
0 787 58 967
40 660 78 910
33 195 76 878
33 275 43 586
71 42 75 29
26 859 60 909
33 649 52 747
6 947 26 996
33 761 54 90
58 218 66 707
82 17 87 14
23 261 38 209
40 931 81 938
21 245 55 279
41 243 84 81
32 845 86 834
16 20 77 271
37 194 52 189
0 703 78 768
9 697 45 216
41 401 75 188
23 929 88 913
18 839 54 404
12 864 19 767
23 588 38 567
1 409 23 750
26 441 45 291
70 535 76 793
3 993 14 654
34 854 74 718
69 235 73 206
46 631 55 791
42 182 54 169
77 654 78 948
46 866 56 870
14 436 83 577
2 192 58 688
22 851 29 945
35 643 64 59
7 144 28 663
32 499 51 259
29 105 35 593
1 114 81 717
22 809 87 970
43 646 86 950
48 603 58 571
72 571 79 223
7 816 66 859
33 653 52 863
10 773 20 688
13 853 19 764
15 340 70 685
48 291 52 244
5 110 80 746
24 539 55 909
2 366 51 131
5 175 61 342
40 531 70 920
17 342 32 80
9 116 38 2
12 591 38 136
44 109 68 963
11 110 36 24
24 676 34 867
55 860 75 177
54 294 56 898
6 798 87 803
19 28 85 415
12 268 77 419
34 435 71 928
49 712 79 617
10 496 11 696
53 239 62 286
59 537 87 557
70 286 76 787
31 965 74 966
3 881 26 957
49 459 71 337
10 796 48 922
40 802 66 939
31 750 67 875
6 714 41 262
63 766 78 381
21 575 46 698
16 341 18 860
11 597 48 836
5 218 65 185
21 244 83 871
9 553 80 123
79 671 82 700
12 24 61 0
23 835 62 197
64 621 86 703
32 967 33 275
8 849 79 139
17 62 55 147
13 723 70 183
42 829 58 357
29 687 80 463
48 323 69 124
16 901 70 932
60 371 75 20
45 247 46 205
39 229 41 594
33 370 87 828
53 648 81 121
0 430 24 805
16 132 35 964
16 948 73 953
39 747 74 777
64 586 85 958
3 604 66 345
52 510 80 674
27 811 30 850
18 756 60 50
14 189 51 139
21 310 85 532
70 291 83 422
7 382 80 862
34 455 64 9
0 946 44 956
51 62 55 203
0 894 89 908
18 452 48 937
52 775 78 839
29 831 55 887
5 454 11 209
17 57 76 12
20 166 80 153
45 197 64 44
80 382 89 464
41 492 83 970
46 271 83 490
10 282 51 185
19 518 65 724
0 776 14 791
17 781 58 307
30 666 50 512
0 666 59 921
41 581 49 82
1 990 12 995
52 914 76 920
44 996 48 998
13 37 32 564
21 762 26 983
27 510 28 940
12 573 28 475
27 773 41 969
52 663 82 784
13 498 14 337
2 986 35 995
28 996 56 848
4 620 86 893
36 649 57 723
48 516 77 653
48 307 55 352
29 289 51 215
0 342 21 205
45 276 70 137
25 868 76 188
27 890 65 871
6 265 24 523
15 451 45 879
12 484 61 164
52 779 89 970
15 963 38 253
9 663 28 335
5 215 41 909
17 36 86 19
66 929 77 900
33 365 81 303
8 857 69 78
63 562 64 501
20 684 72 804
24 818 75 347
44 566 49 815
13 248 26 109
12 884 53 336
22 644 36 650
25 86 44 143
18 197 29 104
47 469 72 753
11 240 74 836
3 463 82 354
46 384 72 698
14 901 33 906
22 288 52 557
16 93 80 129
28 810 40 313
61 428 72 651
46 718 51 575
48 365 74 438
30 470 75 137
7 14 60 246
49 175 77 24
54 81 77 450
64 408 82 674
11 686 60 507
12 738 55 6
27 991 83 998
11 540 43 726
4 752 55 844
32 586 46 692
8 904 47 324
31 886 32 956
53 941 78 963
13 519 43 189
27 88 65 7
49 809 54 220
28 304 84 147
0 793 73 973
50 757 69 859
4 706 59 170
27 346 41 614
8 666 14 56
58 630 63 740
42 574 74 860
5 669 74 915
62 977 87 464
2 366 66 732
33 324 89 528
12 747 64 529
59 221 80 172
33 651 64 517
75 481 87 490
10 272 89 21
16 206 64 35
7 827 70 835
0 511 29 859
52 61 55 438
2 430 63 922
0 700 74 940
36 674 66 874
16 22 45 811
58 354 79 66
12 10 55 647
36 791 67 241
17 862 62 495
5 633 70 536
7 103 19 434
11 457 29 127
33 737 77 852
30 372 84 249
21 33 81 837
4 994 19 1001
56 983 88 72
5 972 8 258
44 499 72 93
13 940 21 813
24 378 55 292
12 368 22 204
79 450 85 968
73 392 87 43
19 124 33 122
11 471 36 27
20 165 46 187
63 859 89 997
32 553 60 208
10 675 79 14
12 506 31 304
29 98 79 75
47 863 80 268
36 352 86 648
82 551 84 419
20 637 38 937
3 172 41 189
25 529 57 89
60 593 76 596
8 985 57 658
3 454 52 379
20 912 71 939
38 904 64 127
30 876 42 986
9 594 47 512
32 608 69 736
43 703 74 747
40 454 43 168
25 928 83 670
3 15 11 1
39 396 84 359
7 281 68 767
17 369 38 10
64 796 76 910
38 547 84 504
69 947 75 725
56 365 65 113
37 103 39 410
7 123 72 120
21 328 65 725
39 703 67 973
1 172 19 451
7 632 12 915
28 113 56 220
38 355 83 844
8 642 74 596
8 551 48 70
64 80 68 153
47 658 76 885
44 629 82 379
14 976 77 979
30 569 36 18
11 754 42 798
28 717 61 37
38 535 68 6
0 650 70 918
14 354 64 1000
10 678 14 562
16 919 19 955
3 978 81 443
6 161 64 37
18 841 19 663
2 673 86 729
25 988 39 992
74 55 75 1
60 922 77 232
18 62 75 41
57 265 84 193
25 708 36 442
42 594 72 370
47 799 59 472
37 311 40 20
10 96 84 650
12 177 67 59
13 778 19 219
19 361 42 203
23 957 81 130
80 238 83 914
31 995 32 999
10 983 52 991
19 82 36 98
22 911 48 961
38 41 55 5
17 345 71 270
0 323 33 348
69 617 77 824
21 970 47 993
53 311 65 489
6 890 79 898
26 334 59 65
25 64 76 860
0 83 40 578
20 358 74 564
51 694 62 822
65 137 73 121
82 970 83 666
16 753 21 751
40 130 56 478
70 529 79 368
64 267 69 512
18 976 37 285
53 33 67 350
25 73 75 7
14 640 26 668
13 182 62 64
15 52 76 210
11 508 17 570
59 152 76 244
52 232 63 439
31 608 50 464
20 187 65 517
10 612 32 684
42 379 57 34
40 803 68 948
40 978 55 1001
31 851 49 863
55 712 58 425
33 15 40 12
60 947 77 1001
30 523 67 309
17 191 80 85
1 1000 38 1001
1 177 74 354
67 154 77 668
51 958 74 981
19 970 36 1001
12 448 58 21
66 617 83 380
68 778 73 469
6 578 89 705
67 327 73 305
71 883 86 743
55 977 69 1001
57 307 66 856
7 995 30 997
27 505 70 105
27 241 86 699
1 311 72 472
40 74 56 306
49 629 56 469
19 449 72 247
39 776 71 833
18 75 27 10
10 740 51 38
18 559 30 58
69 156 80 65
60 662 77 123
44 266 48 832
23 246 65 908
18 273 22 86
19 414 21 293
53 693 80 156
16 732 22 829
13 785 36 610
50 823 86 827
6 904 53 477
9 872 63 931
58 659 59 127
21 775 22 945
18 829 87 907
70 631 77 668
15 408 72 159
65 656 76 965
1 56 30 507
21 372 26 933
33 766 84 526
40 67 51 31
