516 18
1 103 17 83
9 922 17 980
8 931 9 937
6 744 15 172
8 516 13 934
13 563 14 434
10 551 17 977
3 185 14 146
1 394 2 572
1 132 10 39
6 547 13 402
2 296 10 147
2 364 7 154
13 160 14 433
7 200 9 28
0 879 3 347
9 139 17 245
8 163 13 617
6 285 8 138
6 639 7 270
7 55 8 12
6 616 13 48
5 625 10 733
7 462 15 468
9 385 13 550
1 559 4 487
4 140 6 377
1 590 11 663
3 66 6 815
0 32 4 30
5 93 14 45
0 979 3 169
7 162 10 152
10 852 12 174
5 451 7 362
7 168 11 78
9 803 13 949
2 996 6 735
0 476 6 129
3 267 11 423
0 695 5 274
0 803 6 704
10 768 17 822
9 49 11 178
3 434 6 239
3 399 16 165
0 800 4 430
4 621 8 921
10 707 17 791
4 755 5 895
6 568 15 528
1 463 15 517
6 411 10 732
4 887 14 980
6 558 14 95
1 953 12 803
8 704 15 743
2 602 6 289
12 680 15 317
8 808 10 358
5 121 6 843
3 390 10 136
6 569 15 889
2 37 9 11
1 517 8 57
5 416 8 484
15 191 17 687
5 50 13 834
1 813 8 640
1 654 14 641
4 48 11 974
0 739 13 165
1 782 7 927
2 55 15 16
3 868 10 527
0 232 7 51
2 965 10 857
11 150 12 114
14 750 17 784
5 295 10 334
6 392 15 110
12 321 14 878
13 964 14 977
6 55 7 66
7 703 15 648
6 751 14 489
6 975 15 349
3 632 17 847
6 985 16 991
5 609 12 50
2 830 17 817
10 608 15 178
7 117 14 116
6 692 16 391
1 99 17 766
7 114 14 107
10 248 11 617
0 313 9 306
4 630 16 887
7 938 13 61
3 634 8 33
8 215 14 800
11 572 12 182
2 235 15 161
4 133 11 764
3 328 12 206
4 310 7 814
4 229 13 883
6 278 10 250
6 871 10 293
1 334 17 46
0 954 17 997
14 956 16 355
10 547 17 641
0 350 14 342
1 478 3 58
11 468 14 342
1 961 9 974
0 51 10 20
9 557 16 675
10 907 12 525
5 356 15 540
3 597 15 520
2 220 7 218
7 965 11 968
0 796 15 465
0 942 17 52
6 570 8 39
9 230 10 773
8 289 9 35
12 652 16 971
15 608 16 956
2 520 13 58
0 278 17 812
2 205 10 100
3 734 6 917
3 122 11 804
1 219 5 213
1 776 4 592
9 129 15 21
6 898 7 166
4 512 17 896
0 828 2 99
0 921 9 247
12 409 17 625
5 135 13 125
4 830 10 242
1 408 8 227
1 880 14 536
11 701 13 529
8 210 10 887
1 65 14 690
9 151 16 91
0 46 10 42
2 995 4 360
0 718 10 277
9 291 13 273
1 148 7 569
9 875 17 975
5 666 6 964
5 744 8 832
8 325 9 132
9 790 11 804
8 373 15 974
5 79 12 37
4 72 13 52
3 353 7 856
2 514 7 83
10 400 13 166
12 849 15 435
1 359 6 671
4 656 11 812
14 572 17 877
0 672 3 334
10 429 15 342
6 647 10 828
0 646 14 97
3 210 7 442
6 507 16 106
0 692 11 610
14 135 15 118
5 571 10 355
2 203 7 113
11 937 17 980
15 845 17 967
6 84 11 619
5 380 12 212
12 508 15 206
1 239 16 174
3 318 8 167
7 916 13 52
4 641 7 918
5 583 8 573
7 655 15 573
2 311 10 175
6 220 16 17
8 473 17 93
8 744 16 824
9 172 17 375
2 449 12 396
9 944 11 135
3 340 15 1001
0 877 8 234
6 456 13 342
14 472 16 234
0 666 4 118
1 72 2 516
3 270 17 268
2 778 11 542
2 456 17 287
6 696 13 203
6 832 8 258
1 85 10 801
7 445 14 53
10 512 14 633
3 980 4 938
7 608 14 242
10 106 12 181
12 825 16 552
1 934 4 692
7 824 8 698
7 916 15 630
1 281 13 30
0 532 15 147
0 635 6 31
5 303 17 518
13 166 15 847
7 55 14 20
13 648 15 800
11 503 16 6
3 440 7 171
14 55 17 669
10 614 17 884
0 520 3 134
0 22 17 7
7 446 15 107
11 114 14 20
4 92 8 737
2 367 11 111
11 760 14 926
11 293 17 107
4 946 14 949
0 766 14 827
7 986 10 875
2 684 16 195
0 556 7 125
1 306 8 52
15 614 16 734
10 423 17 980
12 395 15 771
2 703 4 632
12 975 14 981
9 65 12 623
12 676 15 719
9 912 17 991
2 987 3 726
9 94 17 487
2 296 12 193
8 981 15 1000
8 406 12 655
3 702 9 808
5 774 14 925
4 817 15 880
4 500 12 282
8 799 9 981
0 946 14 176
5 715 8 128
0 116 5 68
8 726 13 577
9 111 14 104
6 540 16 484
9 102 10 782
11 428 16 214
2 124 13 82
13 30 16 26
5 693 9 958
10 355 17 931
8 319 11 381
15 151 16 70
9 718 15 755
5 315 6 511
0 360 3 293
1 809 16 50
3 140 7 934
11 984 17 777
9 111 14 37
13 706 14 754
5 749 10 782
0 745 4 548
2 543 17 984
7 180 12 111
1 338 10 157
10 890 11 224
4 792 16 891
9 860 10 964
15 974 17 978
1 975 13 847
15 392 17 659
5 735 7 844
10 109 14 3
8 550 10 655
2 75 16 52
15 803 16 430
10 119 14 66
14 619 17 909
0 438 2 138
3 428 4 106
4 466 10 891
13 572 17 764
4 651 5 399
9 917 13 33
8 336 13 769
3 307 16 28
1 814 2 995
5 647 13 525
6 396 12 904
16 256 17 124
8 737 17 747
1 331 3 910
4 230 8 847
2 597 7 302
8 434 12 887
5 561 9 587
10 551 13 310
3 625 12 846
4 762 6 864
1 212 15 174
6 351 13 336
10 910 16 5
6 736 7 789
0 234 1 80
3 967 9 299
15 830 17 841
5 426 15 84
5 227 16 223
5 540 10 414
8 579 10 923
1 123 14 902
0 672 14 190
10 72 17 574
9 789 12 905
11 903 15 645
9 263 11 932
9 273 15 606
8 110 12 103
10 200 13 5
14 450 16 770
1 245 12 155
7 302 8 58
10 12 17 824
0 592 3 389
8 356 15 954
4 330 15 801
6 534 7 894
10 1000 17 1001
13 442 14 929
11 563 12 133
4 606 17 995
0 572 17 283
5 741 13 12
16 248 17 884
7 510 10 16
1 852 4 158
4 55 14 767
11 361 12 285
0 608 16 827
7 672 16 241
1 462 15 847
0 295 15 141
0 982 5 774
13 852 16 641
5 700 7 796
10 47 16 705
9 456 10 488
3 875 16 693
5 484 9 78
5 674 9 416
13 643 17 953
4 690 12 860
6 155 10 59
15 301 17 664
12 892 14 933
0 445 15 766
1 995 9 281
0 650 2 559
3 732 8 389
4 273 8 388
0 790 12 35
0 980 2 484
6 665 9 356
8 743 14 760
8 998 16 1001
16 340 17 415
8 288 14 139
10 367 14 276
3 70 8 32
8 442 11 607
0 914 12 112
0 102 1 28
1 782 2 797
4 551 13 718
4 807 13 528
4 662 16 363
0 191 1 167
8 60 17 588
9 518 10 19
2 987 4 654
8 988 11 180
0 24 2 18
3 548 15 328
9 308 11 845
8 684 10 942
6 524 10 551
2 864 7 161
6 298 12 286
8 823 13 928
6 812 7 911
9 982 16 991
4 236 15 683
1 432 17 183
12 653 16 536
1 668 6 1000
8 756 10 31
3 879 6 921
6 806 12 435
4 354 9 582
2 172 7 117
3 71 12 34
10 407 12 93
4 340 6 384
6 461 9 244
0 881 7 337
0 669 14 161
3 744 6 837
3 146 9 51
1 266 4 219
5 445 13 680
0 87 4 8
6 474 15 375
6 483 14 310
6 812 15 105
3 971 7 173
1 32 4 30
7 101 9 81
13 880 15 932
7 550 10 454
6 630 10 355
5 802 8 645
1 380 9 37
8 374 17 476
5 549 17 902
12 576 13 928
7 995 15 528
8 543 12 931
2 288 7 235
2 465 12 97
6 291 8 772
6 590 7 482
8 225 13 320
0 185 16 135
8 785 16 982
4 643 15 513
9 847 17 984
5 47 16 44
4 337 14 550
1 121 9 103
12 232 17 346
9 768 10 198
8 88 9 30
0 803 8 78
0 859 2 421
9 612 15 706
1 334 3 273
0 300 12 126
2 461 5 84
7 400 17 713
3 447 8 28
1 134 16 63
1 222 13 18
12 259 16 665
14 904 17 997
9 794 16 948
0 694 1 243
2 777 15 278
7 862 8 26
4 802 11 935
8 90 9 619
9 807 14 581
5 917 15 569
9 250 16 778
11 533 17 941
0 20 15 0
5 872 11 285
3 46 8 14
6 881 12 126
1 36 13 27
11 713 12 627
7 102 16 413
15 815 17 916
3 618 7 470
4 61 15 30
9 134 11 704
8 995 10 999
14 400 16 519
0 733 3 557
12 50 15 5
12 795 14 841
1 949 8 600
8 395 16 123
1 103 6 7
12 369 17 830
2 24 16 16
1 94 11 841
0 89 10 82
3 557 13 718
2 841 7 587
