180 32
1 858 11 987
9 596 19 387
14 780 19 26
5 528 27 910
1 712 19 226
0 305 15 379
25 699 26 772
16 420 20 901
0 133 16 17
7 393 22 595
9 109 19 8
3 434 4 647
4 754 28 790
9 566 26 396
14 80 23 0
17 536 23 456
0 502 18 628
18 65 19 51
0 137 25 978
1 327 24 865
16 31 25 853
13 254 28 322
8 229 23 137
17 151 30 153
16 672 30 945
19 225 23 785
6 641 21 236
3 806 15 968
18 78 30 253
0 143 27 515
7 44 18 922
9 704 19 326
11 361 29 664
3 824 30 925
21 57 23 148
2 216 23 150
3 925 8 981
14 234 22 93
5 699 29 368
9 803 12 370
4 254 11 89
18 388 21 37
13 157 25 342
3 997 31 998
2 819 15 965
22 805 24 895
4 67 25 47
20 672 25 505
12 376 18 853
8 317 31 5
2 107 10 9
6 106 13 935
26 649 29 723
1 717 24 827
0 772 22 896
0 100 29 880
28 414 31 183
16 700 26 907
6 265 27 422
2 334 16 47
6 183 23 510
14 858 31 551
5 904 28 951
24 491 29 758
3 585 6 553
12 99 19 32
8 939 28 7
3 696 21 990
7 395 22 700
5 80 15 992
1 626 25 850
2 343 13 37
22 655 26 834
0 841 17 981
0 828 17 856
11 528 29 84
25 600 31 498
20 210 29 138
2 853 6 62
8 876 20 898
11 35 29 2
14 145 31 28
12 61 21 15
14 862 23 888
1 739 24 258
6 120 23 308
26 459 28 715
25 801 29 614
9 92 19 60
9 646 25 23
29 921 31 561
1 747 24 777
0 766 7 997
6 721 25 862
5 266 30 597
3 749 29 845
5 960 23 968
9 120 29 951
25 143 31 56
22 779 23 814
0 629 18 987
19 514 28 597
25 857 29 932
10 701 31 581
14 629 19 668
6 865 12 877
0 73 6 53
28 431 30 62
4 181 16 156
0 689 8 827
2 442 20 894
3 878 6 822
11 107 18 122
7 52 21 408
7 502 30 853
8 946 21 537
13 173 25 789
8 993 31 922
8 675 24 883
4 507 10 302
23 182 25 164
2 798 24 991
24 800 31 723
0 410 20 819
12 695 23 196
9 385 26 347
9 317 10 165
17 878 27 676
19 144 25 162
21 380 29 910
12 50 30 266
19 964 23 989
22 599 31 24
13 148 28 270
7 204 9 294
0 322 8 866
16 350 19 69
0 962 28 989
9 195 13 109
8 667 12 792
18 855 23 171
5 27 29 66
12 197 28 173
15 86 16 52
2 864 14 207
12 572 18 549
2 727 11 538
11 892 15 893
4 457 16 172
8 481 16 258
26 922 27 930
4 833 10 551
27 912 28 965
19 774 26 838
25 230 31 543
1 128 15 803
16 362 24 395
4 280 21 573
6 451 16 370
27 442 28 599
0 208 8 869
17 647 21 455
5 940 7 965
7 396 18 544
6 871 19 926
18 373 23 860
5 858 10 878
10 899 14 901
7 138 15 601
7 823 9 879
29 400 31 871
14 743 19 441
19 464 29 155
7 489 11 862
6 800 29 985
16 79 23 982
3 474 6 164
18 201 29 351
7 823 21 521
2 775 20 924
