34,88 35,89 36,90 37,91 38,92 39,93 39,94 39,95 40,96 41,96 42,97 43,98 44,97 45,96 46,95 46,94 45,93 45,92 44,91 44,90 44,89 44,88 45,87 45,86 46,85 47,84 47,83 48,82 49,82 50,81 51,80 51,79 51,78 51,77 50,76 49,75 48,75 47,76 46,76 45,77 44,77 43,77 42,77 41,78 41,79 41,80 42,81 43,82 43,83 43,84 42,85 41,86 40,85 39,85 38,85 37,85 36,85 35,85 34,86 33,85 32,85 31,85 30,85 29,85 28,86 27,87 26,88 26,89 27,90 28,91 29,90 30,90 31,89 32,89 33,89 
91,98 92,98 93,98 94,99 95,99 96,99 97,99 98,99 99,98 99,97 99,96 99,95 98,94 97,93 96,93 95,93 94,92 93,92 92,92 91,93 90,94 89,94 88,94 87,94 86,94 86,93 85,92 84,91 83,90 82,90 81,90 80,91 79,91 78,91 77,91 76,91 75,92 75,93 75,94 76,95 77,95 78,95 79,95 80,96 81,96 82,97 83,97 84,98 85,99 86,99 87,99 88,99 89,99 90,99 
68,55 69,55 70,55 71,55 72,55 73,56 73,57 73,58 73,59 73,60 73,61 73,62 72,63 71,63 70,63 69,63 68,62 68,61 68,60 68,59 67,58 67,57 67,56 
9,60 9,59 8,59 
45,51 46,51 47,51 47,52 47,53 46,54 45,54 44,54 44,53 44,52 
56,38 56,37 57,36 58,36 59,36 60,36 61,36 62,36 63,37 64,38 65,39 66,39 67,39 67,40 67,41 66,42 66,43 66,44 66,45 65,45 64,45 63,45 62,45 61,45 60,44 59,44 58,43 57,43 56,43 55,43 55,42 55,41 56,40 56,39 
3,48 3,47 2,47 
38,23 39,22 39,21 40,20 41,19 41,18 42,17 43,17 44,17 45,17 46,17 47,17 47,18 47,19 47,20 47,21 47,22 46,23 45,24 46,25 47,25 48,25 48,26 48,27 48,28 48,29 48,30 47,31 46,31 45,31 44,31 43,31 42,30 41,31 40,31 39,32 38,32 37,32 36,32 36,31 36,30 36,29 36,28 36,27 36,26 37,25 38,24 
35,18 36,17 37,17 38,17 38,18 38,19 37,20 36,20 35,20 35,19 
73,74 74,74 75,74 75,75 75,76 74,76 73,76 73,75 
90,59 91,60 92,61 93,61 94,61 95,61 96,61 97,61 98,61 99,60 99,59 99,58 99,57 99,56 98,55 97,55 96,55 95,55 94,56 93,56 92,56 91,56 90,56 89,55 88,56 88,57 88,58 89,59 
35,71 35,72 34,72 
96,13 96,12 95,11 94,12 93,12 92,13 92,14 92,15 92,16 93,17 93,18 94,19 94,20 95,21 96,22 97,22 98,21 99,20 99,19 99,18 99,17 99,16 98,15 97,15 96,15 96,14 
54,58 54,59 54,60 54,61 55,62 56,63 57,62 58,61 59,61 60,60 60,59 61,58 61,57 60,56 59,56 58,55 57,54 57,53 57,52 57,51 56,50 55,49 54,49 53,48 52,47 52,46 52,45 53,44 54,43 54,42 53,41 52,41 51,41 50,40 49,40 48,40 47,40 46,40 45,39 44,38 43,37 42,37 41,37 40,37 39,38 39,39 39,40 39,41 40,42 41,43 42,43 43,43 44,43 45,43 46,43 47,43 48,44 49,45 50,46 50,47 49,48 49,49 49,50 49,51 49,52 50,53 51,54 51,55 52,56 53,57 
63,68 63,67 63,66 63,65 64,65 65,65 66,65 67,66 67,67 67,68 68,69 69,69 70,70 71,70 72,71 72,72 73,73 73,74 73,75 73,76 72,77 71,78 70,79 70,80 70,81 69,82 68,82 67,82 66,82 66,81 65,80 65,79 65,78 65,77 64,76 63,76 62,76 61,76 60,75 59,74 59,73 58,72 58,71 58,70 59,70 60,70 61,70 62,69 
8,25 9,24 9,23 9,22 10,21 10,20 10,19 10,18 9,17 9,16 9,15 9,14 9,13 9,12 10,11 11,10 10,9 9,8 8,7 7,6 6,6 5,5 4,5 3,4 3,3 2,2 1,2 0,3 0,4 0,5 0,6 0,7 0,8 0,9 0,10 0,11 0,12 0,13 0,14 0,15 0,16 0,17 0,18 1,19 2,20 3,21 4,22 5,23 5,24 5,25 5,26 5,27 5,28 6,29 7,28 8,27 8,26 
9,99 10,99 11,99 12,98 13,97 14,97 15,97 16,98 17,99 18,99 19,99 20,99 21,99 22,99 23,98 23,97 22,96 21,96 20,95 19,95 18,95 17,94 16,95 15,94 15,93 16,92 15,91 14,91 13,91 12,91 11,90 10,89 9,89 8,88 7,87 6,87 5,87 4,87 3,88 3,89 3,90 4,91 5,92 6,92 7,93 8,94 8,95 8,96 8,97 8,98 
77,42 77,41 76,40 75,39 74,39 73,40 72,41 72,42 71,43 71,44 70,44 69,45 68,46 67,47 67,48 68,49 69,49 70,50 71,50 72,50 73,50 74,51 75,51 76,52 77,52 78,52 78,53 79,54 80,55 81,56 82,57 83,57 84,57 85,56 85,55 86,54 86,53 86,52 86,51 86,50 85,49 84,49 83,50 82,50 81,51 80,51 79,50 79,49 78,48 78,47 78,46 77,45 77,44 77,43 
54,7 55,6 56,6 57,6 58,6 58,7 58,8 58,9 59,10 60,10 61,11 62,11 63,11 64,11 64,12 64,13 63,14 62,15 62,16 62,17 62,18 62,19 62,20 62,21 62,22 62,23 61,23 60,23 59,23 58,23 57,23 56,22 56,21 55,20 55,19 55,18 55,17 55,16 55,15 55,14 55,13 55,12 55,11 54,10 54,9 54,8 
84,39 84,38 84,37 84,36 84,35 85,35 86,35 86,36 86,37 87,38 87,39 87,40 86,41 85,42 84,42 83,42 83,41 83,40 
52,8 53,8 54,8 54,9 54,10 53,10 52,10 52,9 
35,55 35,54 34,53 33,52 32,52 31,51 30,51 30,50 30,49 30,48 31,47 32,47 33,47 34,47 35,47 36,47 37,47 38,48 39,49 40,50 41,51 42,52 42,53 43,54 43,55 43,56 43,57 42,58 41,58 40,58 39,58 38,58 37,58 36,58 35,57 35,56 
78,34 79,34 80,35 81,35 82,35 83,35 84,34 85,33 85,32 85,31 84,30 83,29 82,28 81,28 81,27 80,26 79,26 78,25 77,24 76,24 75,24 74,25 73,25 72,25 71,26 70,27 71,28 71,29 72,30 72,31 72,32 72,33 72,34 72,35 73,36 74,36 75,36 76,35 77,35 
85,12 86,12 87,12 88,11 89,10 89,9 89,8 89,7 89,6 88,5 87,5 86,5 85,5 84,4 83,5 83,6 82,7 82,8 81,9 81,10 80,11 80,12 80,13 80,14 81,15 82,15 83,14 84,13 
21,3 22,4 23,4 24,3 25,3 26,2 26,1 25,0 24,0 23,0 22,0 21,0 20,0 19,0 18,0 17,1 18,2 19,2 19,3 20,4 
54,7 55,6 56,6 57,6 58,6 58,7 58,8 58,9 59,10 60,10 61,11 62,11 63,11 64,11 64,12 64,13 63,14 62,15 62,16 62,17 62,18 62,19 62,20 62,21 62,22 62,23 61,23 60,23 59,23 58,23 57,23 56,22 56,21 55,20 55,19 55,18 55,17 55,16 55,15 55,14 55,13 55,12 55,11 54,10 54,9 54,8 
93,51 94,51 95,51 95,52 95,53 94,53 93,53 93,52 
1,58 2,58 3,58 3,59 3,60 2,60 1,60 1,59 
70,0 71,0 72,0 73,0 73,1 73,2 72,3 71,3 70,3 69,2 69,1 
48,57 49,57 50,57 51,58 51,59 51,60 50,60 49,60 48,59 47,59 47,58 
4,31 5,31 6,31 6,32 6,33 5,33 4,33 4,32 
55,91 56,91 57,91 57,92 57,93 56,93 55,93 55,92 
47,10 48,9 49,9 50,9 50,10 50,11 49,12 48,13 47,13 46,13 45,13 44,12 44,11 44,10 45,10 46,10 
67,89 68,89 69,89 70,89 71,88 72,87 72,86 71,85 70,84 69,83 68,83 67,83 66,84 66,85 65,85 64,86 64,87 63,87 62,86 61,86 60,85 59,84 58,85 57,86 56,87 57,88 58,89 59,89 60,89 61,90 62,90 63,89 64,89 65,89 66,89 
67,89 68,89 69,89 70,89 71,88 72,87 72,86 71,85 70,84 69,83 68,83 67,83 66,84 66,85 65,85 64,86 64,87 63,87 62,86 61,86 60,85 59,84 58,85 57,86 56,87 57,88 58,89 59,89 60,89 61,90 62,90 63,89 64,89 65,89 66,89 
56,99 57,99 58,99 59,99 60,98 59,97 58,96 57,96 56,95 55,96 55,97 54,98 55,99 
15,53 16,53 17,54 17,55 18,56 19,57 20,57 21,57 22,56 23,55 23,54 23,53 23,52 23,51 23,50 23,49 23,48 22,47 21,47 20,47 19,48 18,48 17,49 17,50 16,51 15,50 14,49 14,48 13,47 12,46 11,46 10,47 10,48 10,49 11,50 11,51 12,52 12,53 13,54 14,54 
96,74 96,73 95,73 
29,15 30,15 31,14 31,13 32,12 32,11 32,10 32,9 31,8 30,8 29,8 28,8 27,8 26,9 26,10 26,11 25,12 25,13 24,14 23,14 22,15 21,16 22,17 23,18 24,18 25,19 26,18 27,17 28,16 
72,13 73,13 74,13 75,14 75,15 75,16 75,17 74,18 74,19 74,20 73,20 72,20 71,20 70,20 69,20 68,19 68,18 68,17 68,16 68,15 68,14 68,13 68,12 69,12 70,12 71,13 
32,0 33,0 34,0 34,1 34,2 34,3 34,4 33,4 32,5 31,5 30,5 29,5 28,4 27,4 27,3 27,2 27,1 28,1 29,0 30,0 31,0 
33,34 34,33 34,32 33,31 32,31 31,30 30,31 29,31 28,32 27,33 27,34 28,35 29,35 30,35 31,35 32,36 33,35 
66,23 67,23 68,23 68,24 68,25 67,25 66,25 66,24 
36,80 37,80 38,80 38,81 38,82 37,82 36,82 36,81 
33,34 34,33 34,32 33,31 32,31 31,30 30,31 29,31 28,32 27,33 27,34 28,35 29,35 30,35 31,35 32,36 33,35 
87,78 88,78 89,78 89,79 89,80 88,80 87,80 87,79 
34,97 35,96 36,96 37,96 38,97 38,98 38,99 37,99 36,99 35,99 34,99 33,99 32,99 31,99 30,99 30,98 30,97 31,96 32,96 33,96 
18,7 19,7 20,7 20,8 20,9 20,10 20,11 19,12 19,13 18,13 17,13 16,12 16,11 16,10 16,9 16,8 16,7 17,7 
14,31 15,31 16,31 16,32 16,33 15,33 14,33 13,33 13,32 
48,21 49,21 50,21 50,22 50,23 49,23 48,23 48,22 
