106 9
3 453 7 519
0 77 4 545
0 810 7 993
2 91 6 967
4 119 8 82
1 400 5 188
3 871 4 998
3 566 7 678
2 614 5 342
1 986 4 758
0 261 3 999
0 938 1 974
2 300 4 750
0 955 5 979
2 544 4 575
4 420 7 679
5 313 8 222
5 461 7 503
0 494 7 749
3 374 5 609
3 722 7 946
1 76 5 236
1 472 6 886
1 622 5 908
0 795 7 928
5 978 6 536
0 723 1 851
2 38 3 249
2 181 6 567
2 697 5 727
1 761 8 262
4 218 6 243
7 286 8 470
4 524 5 635
4 29 8 16
0 760 6 949
7 196 8 175
6 406 8 32
1 85 3 51
2 64 5 50
1 132 6 960
4 909 7 990
4 561 8 55
6 491 8 387
0 236 3 870
1 291 6 916
1 790 2 864
5 952 6 599
6 888 7 350
0 302 8 564
7 972 8 442
3 723 6 737
4 250 6 456
2 470 8 148
2 650 6 761
2 143 7 259
1 886 7 888
4 775 5 509
0 982 4 994
5 511 8 982
4 113 6 694
1 946 6 143
2 466 3 77
1 67 5 18
5 23 6 125
0 193 6 968
2 625 3 621
2 366 4 530
3 853 7 958
2 191 7 621
0 146 5 904
5 601 6 837
2 640 4 402
7 104 8 17
0 49 2 578
2 369 3 977
0 546 4 894
0 502 2 789
4 846 6 851
3 343 5 208
0 179 6 338
1 276 8 460
0 644 8 730
2 870 4 507
6 385 8 345
2 39 5 20
1 393 2 897
0 166 2 800
2 780 4 921
0 924 8 986
2 741 5 490
0 707 7 776
2 906 5 748
1 704 2 780
4 205 8 82
2 727 7 921
5 861 6 946
0 882 1 655
2 850 5 531
0 243 8 299
4 275 7 654
2 52 7 155
1 756 8 447
0 779 3 895
3 226 8 194
2 557 5 373
