905 155
31 379 144 131
28 983 65 674
84 629 91 378
5 697 21 122
83 100 89 7
90 841 97 855
38 188 93 459
132 488 150 214
2 37 66 12
25 267 55 984
31 510 67 178
67 157 100 608
91 942 142 946
74 702 97 901
107 544 153 691
54 839 111 859
34 346 109 817
78 570 81 650
8 458 10 327
79 40 130 25
40 859 77 893
89 916 134 939
67 274 142 114
42 568 75 442
13 784 19 350
56 581 137 244
26 446 93 92
76 591 90 777
9 661 44 228
12 480 141 52
51 226 107 17
106 433 128 190
68 65 105 23
33 745 138 798
48 25 60 9
24 405 63 201
16 320 19 461
77 388 146 31
74 771 135 796
33 607 38 610
37 185 148 146
138 581 145 437
24 125 143 632
8 494 45 580
8 384 70 646
24 236 41 244
94 256 142 220
74 514 111 181
36 974 94 1000
12 626 48 793
34 396 97 947
13 932 99 35
116 647 139 778
66 841 147 380
11 19 96 1
70 411 83 38
52 899 73 936
20 78 43 180
32 819 43 307
57 311 117 225
32 795 48 891
26 529 154 313
30 211 92 868
23 155 124 34
7 478 31 483
36 336 44 238
90 676 152 463
104 43 121 10
124 833 151 998
18 981 108 987
21 474 44 663
74 55 85 251
58 917 112 997
114 971 152 979
7 606 99 520
15 387 50 203
3 999 112 1000
67 382 80 301
106 588 117 514
13 719 20 28
2 590 45 817
5 441 75 971
51 389 56 67
116 645 152 771
64 457 150 831
65 540 94 405
63 251 128 79
68 343 145 166
35 662 54 524
21 136 107 74
140 620 144 907
48 411 69 221
52 602 73 740
77 657 79 975
58 367 122 262
72 368 89 553
106 135 117 227
2 846 18 820
16 280 73 877
63 353 90 139
45 253 141 423
33 735 68 815
112 550 128 113
22 805 82 453
52 283 152 554
39 189 151 65
129 82 146 11
111 434 154 458
104 222 138 806
11 280 84 65
82 280 87 790
18 431 138 683
6 896 139 827
4 880 137 260
57 483 100 881
28 550 40 783
99 448 153 160
67 185 100 50
105 19 129 444
10 169 71 63
7 302 153 201
7 689 30 275
29 858 140 756
65 11 124 2
7 479 128 470
62 150 90 696
109 317 111 910
38 939 110 940
68 138 85 29
77 208 123 109
33 139 126 885
19 542 124 273
85 623 122 476
62 242 110 17
25 380 65 980
50 858 76 283
41 675 86 353
15 562 151 237
6 891 57 924
21 749 115 999
144 786 154 857
81 837 85 439
25 987 71 996
70 865 137 700
137 706 149 909
78 611 142 499
80 25 89 270
47 198 124 152
22 633 79 487
120 225 144 92
15 888 17 355
46 790 129 936
3 927 21 667
16 995 61 998
24 452 121 445
34 106 144 283
5 26 129 262
71 713 117 599
46 881 101 27
38 359 39 300
87 11 97 870
45 371 150 256
96 335 121 701
46 653 118 770
75 413 131 933
78 990 143 1001
4 635 6 186
108 96 135 468
51 323 66 29
76 620 139 263
82 856 144 899
26 224 50 371
94 167 147 130
52 828 80 914
33 322 129 345
22 546 61 480
23 904 145 655
44 272 138 420
42 265 104 185
13 218 49 160
97 891 99 104
81 247 90 117
33 17 125 188
1 178 124 593
61 570 119 434
13 187 76 59
27 732 51 755
57 484 87 671
27 801 84 249
91 294 111 890
43 110 137 336
91 727 114 860
0 340 3 18
71 85 95 21
2 134 146 16
77 605 125 260
40 559 134 909
43 108 98 287
2 974 109 650
95 604 136 926
30 874 57 961
1 700 12 813
4 233 83 586
10 862 67 877
117 370 126 502
2 305 15 962
37 611 62 542
12 708 68 18
57 503 111 97
64 859 150 470
77 932 89 151
47 240 106 87
17 38 42 161
56 880 61 524
35 587 107 254
48 994 106 208
21 199 34 586
19 522 64 299
88 296 92 148
26 540 110 691
40 558 104 697
60 325 93 283
5 656 135 672
48 50 111 8
75 360 150 276
26 965 32 979
117 944 147 686
99 306 121 220
30 223 112 343
44 594 120 936
133 133 153 76
54 51 148 1
55 13 58 3
69 249 87 318
33 638 148 229
16 223 42 513
56 392 142 945
8 51 90 6
37 281 43 204
81 729 145 192
16 813 97 979
33 37 48 561
60 158 98 829
7 875 134 948
39 118 62 108
102 478 125 619
47 301 61 181
75 569 125 847
60 440 105 969
58 841 140 995
5 349 39 288
90 157 102 124
29 180 136 92
39 653 151 719
57 972 95 999
35 427 131 572
22 989 58 846
94 142 107 122
11 624 59 134
48 596 119 132
6 996 58 813
26 755 143 788
5 512 146 743
31 573 153 35
71 417 140 287
114 825 135 699
79 126 153 66
55 714 149 660
29 475 65 769
44 705 112 745
35 102 55 927
44 514 119 429
63 444 121 170
41 776 78 844
67 818 130 222
2 410 58 93
48 709 53 410
8 754 20 109
103 214 152 262
95 672 127 702
35 885 129 920
48 653 152 170
63 911 68 954
37 198 137 15
7 529 44 96
44 691 67 801
50 112 147 14
60 895 127 667
3 701 128 324
33 842 42 993
87 763 120 869
69 612 127 428
9 859 48 176
113 562 114 727
58 431 120 852
55 270 88 165
49 327 89 230
27 835 47 963
3 425 25 759
84 444 152 733
60 775 138 779
78 797 152 910
110 357 145 556
5 254 95 136
73 421 119 314
1 656 94 540
59 184 142 554
117 719 120 744
58 414 77 997
88 947 117 580
48 391 96 117
46 823 145 855
81 946 139 971
20 962 65 974
69 53 130 35
18 76 30 68
11 353 22 955
2 595 87 931
32 517 92 194
46 43 143 16
41 987 133 1001
18 606 27 720
8 982 144 492
111 834 125 941
56 271 75 189
118 251 135 444
4 330 103 234
107 495 111 673
59 768 61 814
35 288 146 136
86 210 137 158
74 347 112 844
57 274 96 232
31 756 79 704
105 989 111 148
46 624 148 124
34 372 100 410
2 597 37 890
17 595 143 867
18 483 151 758
28 573 130 707
58 274 118 989
46 158 104 423
63 387 134 846
2 882 61 886
8 143 145 26
16 274 91 175
3 952 130 963
73 437 85 159
86 306 134 82
119 380 144 435
58 60 111 13
125 818 133 459
114 767 135 976
149 328 152 220
0 221 74 75
27 780 154 832
5 783 32 947
69 316 126 279
17 307 56 649
25 961 149 197
40 930 146 991
19 919 140 269
50 780 99 161
79 99 110 91
65 330 90 190
39 991 153 395
76 529 146 700
100 603 124 202
18 306 57 168
27 117 119 909
2 490 100 967
49 998 60 999
79 461 103 201
106 293 132 944
41 391 130 880
5 344 144 132
50 965 59 16
20 305 112 855
14 568 139 320
107 189 131 530
33 527 145 727
107 94 116 461
37 457 75 399
69 91 101 32
69 260 133 119
88 880 133 383
25 259 67 280
62 688 73 863
142 938 153 943
7 741 83 105
38 940 143 495
98 632 129 893
88 225 119 71
76 413 115 577
53 29 90 823
99 118 107 29
18 732 81 907
87 341 95 263
14 620 139 931
75 858 135 945
8 696 43 216
96 933 119 996
72 735 152 900
28 57 113 42
3 45 101 2
31 949 35 66
18 303 37 419
96 373 125 379
45 872 86 360
125 482 128 142
130 476 138 293
94 822 153 807
4 984 78 724
39 334 62 511
72 65 147 7
91 123 137 41
93 262 106 530
103 328 152 633
22 253 134 244
73 465 98 847
58 408 113 175
93 616 110 665
26 637 84 594
55 821 62 748
49 689 54 599
42 457 102 519
25 965 145 998
31 665 111 414
61 536 105 916
24 577 76 76
64 389 82 294
2 397 116 124
4 751 54 314
44 226 135 876
43 693 141 967
58 585 59 943
21 830 68 863
66 105 123 373
51 141 139 9
21 306 41 885
2 824 153 795
57 894 111 982
14 905 106 873
86 286 103 14
78 698 108 737
38 196 46 331
74 818 78 146
44 484 98 997
28 597 65 981
62 636 145 908
43 648 64 858
1 243 83 10
31 617 94 329
49 616 72 641
7 130 118 15
21 202 106 98
111 38 113 1
70 370 136 197
49 132 118 45
112 156 147 34
51 885 89 396
77 456 84 99
16 384 131 490
47 839 72 328
97 860 125 872
7 584 80 821
56 399 80 228
45 634 78 501
10 512 15 597
33 173 143 944
51 412 133 105
107 664 144 764
25 156 83 88
70 300 81 240
55 716 129 199
130 684 131 857
56 76 116 7
89 569 152 910
8 665 36 560
20 784 87 796
24 727 107 114
50 22 97 697
16 306 111 294
8 61 126 29
4 827 51 868
20 441 151 123
50 944 78 956
57 248 150 120
35 704 126 999
16 28 134 724
36 404 61 663
17 694 79 754
115 790 123 883
7 81 88 911
70 932 153 232
117 807 131 862
26 158 91 871
59 604 109 1000
41 76 61 823
36 759 96 565
31 921 89 772
22 802 141 798
131 378 151 305
47 224 139 158
82 628 145 939
10 162 88 163
55 715 113 19
76 582 103 731
61 46 125 773
8 270 59 34
48 973 84 803
22 636 124 47
39 197 70 376
91 859 154 924
67 461 91 247
57 967 59 37
42 996 100 997
116 549 120 460
47 279 108 99
49 276 52 158
25 573 111 53
130 347 151 344
51 190 148 105
10 245 40 129
114 893 118 942
35 571 53 115
0 814 113 412
13 598 66 160
15 641 53 960
124 573 129 997
150 919 151 401
34 870 81 214
66 739 133 747
52 943 107 588
18 698 117 842
6 117 130 183
65 438 123 921
148 591 151 791
33 11 42 240
2 258 83 764
74 326 88 834
121 660 128 58
66 851 153 929
36 320 70 418
97 684 137 348
61 79 118 51
116 535 148 246
22 801 34 268
37 761 53 353
82 486 117 304
75 573 130 873
4 595 97 639
60 521 108 301
29 966 52 33
37 620 122 347
23 273 37 213
99 460 105 704
11 18 153 16
114 744 143 440
19 531 88 862
18 24 35 932
97 281 130 152
61 188 143 83
38 191 94 132
103 535 117 189
73 330 113 280
0 458 104 300
81 961 103 672
82 859 126 930
138 153 143 36
17 196 141 165
10 829 99 846
63 470 114 891
13 82 66 18
28 321 78 272
110 260 132 407
5 446 147 259
72 978 86 980
81 993 84 146
53 254 54 32
12 13 65 217
13 173 47 158
25 868 26 577
44 650 63 681
15 119 144 957
50 326 142 660
45 393 152 966
21 890 40 999
48 531 143 270
18 663 65 664
46 917 85 41
38 603 102 360
83 931 118 364
36 133 37 72
82 950 125 979
37 236 90 230
96 553 125 772
25 735 59 675
19 463 110 324
55 740 87 24
3 578 5 493
52 876 108 61
56 425 65 688
73 893 133 10
39 360 136 800
143 873 150 645
143 871 151 921
72 975 131 976
42 780 101 310
35 822 143 475
70 756 130 90
8 644 66 933
64 725 127 945
90 457 145 708
83 335 131 899
15 550 138 804
64 341 145 710
22 53 66 44
134 854 147 557
78 673 132 839
47 211 135 58
98 596 116 934
75 348 106 227
19 351 36 196
78 603 149 42
73 292 119 65
0 12 25 875
21 619 53 639
20 41 109 26
3 760 126 763
143 46 147 36
71 597 78 354
21 389 125 771
4 311 133 102
61 391 71 596
64 870 144 908
25 295 37 561
122 223 140 523
121 497 150 318
36 157 57 483
20 835 50 696
5 823 130 134
94 673 108 305
24 692 94 958
113 851 141 954
36 853 39 189
59 806 145 900
92 910 127 984
80 998 102 413
76 17 84 992
71 402 103 96
93 449 138 486
73 720 132 315
88 429 127 85
18 435 135 767
38 851 68 920
76 630 143 714
79 307 129 94
8 239 29 137
69 501 79 938
18 59 20 798
20 309 92 240
32 865 78 33
7 204 64 997
80 901 81 168
16 171 94 935
81 585 100 818
65 38 91 2
32 232 49 65
68 759 143 192
0 478 46 81
73 627 83 738
59 651 65 799
105 377 142 286
52 830 76 942
17 284 42 369
104 532 119 350
66 11 122 95
49 537 130 858
74 682 126 469
56 650 126 303
111 13 152 842
69 338 89 33
54 700 79 764
24 653 39 771
57 353 108 29
5 614 125 780
45 413 108 164
22 447 132 0
41 224 47 937
19 178 69 839
16 920 38 937
49 369 74 171
54 967 57 981
44 127 149 124
10 915 153 691
31 290 45 284
81 348 98 740
66 444 123 549
17 136 56 431
13 271 128 254
63 89 153 875
1 1000 14 316
109 943 133 808
104 10 122 107
12 60 26 47
55 596 143 146
72 995 97 996
84 380 139 14
110 402 131 263
111 708 147 482
115 867 151 911
28 943 111 172
74 48 85 724
65 862 151 957
14 514 135 691
66 693 81 486
49 55 118 53
85 183 102 22
111 791 151 1001
11 820 45 926
3 455 33 152
103 497 112 632
106 886 137 565
4 486 57 649
1 393 10 908
118 122 128 252
44 118 85 461
22 905 53 588
36 191 49 555
16 764 94 846
64 662 149 963
50 567 105 1000
23 826 141 190
81 458 135 366
50 540 149 909
1 894 57 55
70 908 145 945
80 677 127 215
32 110 142 786
11 695 46 289
23 923 83 752
37 596 153 442
77 512 108 491
64 346 80 215
24 490 86 671
14 743 88 764
58 626 101 605
1 350 82 830
22 920 58 130
94 217 137 78
16 237 104 680
45 386 142 660
70 378 126 70
80 650 147 231
103 64 131 380
57 830 90 962
91 882 126 921
39 820 147 854
10 376 114 377
70 378 97 935
25 141 78 109
11 76 136 248
68 774 72 356
20 520 129 702
60 547 152 580
101 988 122 718
18 663 34 732
30 394 108 430
16 980 54 639
15 490 25 0
0 913 35 977
67 888 149 370
99 469 127 573
12 395 143 834
7 385 15 672
32 812 78 957
118 498 146 627
103 796 124 521
19 104 102 442
23 907 128 651
125 178 136 127
50 568 65 953
60 260 131 610
93 762 136 396
93 651 135 730
142 319 145 491
38 10 150 8
128 786 129 990
25 947 91 220
95 573 134 663
59 708 86 782
24 212 32 693
16 25 101 169
2 468 53 102
47 904 93 712
81 525 147 150
37 329 106 179
100 562 144 98
26 816 41 53
57 91 72 22
73 413 93 246
22 241 26 31
16 373 147 207
5 448 33 357
51 687 134 601
2 78 89 911
109 259 148 21
33 804 39 698
10 283 105 458
110 159 140 112
103 166 139 158
9 103 127 89
0 930 45 22
6 476 119 616
19 712 128 558
64 314 82 76
69 376 111 218
7 313 96 172
80 864 86 249
25 347 129 977
0 494 29 327
13 324 95 925
117 340 140 361
23 970 86 975
4 435 139 272
20 504 45 740
84 875 94 959
80 76 106 41
61 385 136 54
30 173 82 17
99 789 151 947
28 19 58 3
19 396 55 450
83 523 87 553
37 345 83 300
0 180 64 49
12 52 70 695
5 722 144 219
103 918 110 942
26 666 91 574
36 690 149 644
7 510 101 953
16 510 147 952
73 397 101 342
17 696 106 408
41 975 52 1000
41 295 130 649
98 741 118 415
57 966 90 986
38 485 53 854
15 275 20 209
37 181 123 207
71 149 114 61
63 442 79 668
44 944 54 127
71 423 107 291
6 547 68 745
27 775 148 798
4 869 60 430
22 309 45 127
101 877 126 694
45 660 150 507
24 111 30 17
82 674 141 746
133 55 153 21
59 486 125 853
15 924 93 659
21 814 77 906
12 405 98 197
27 909 40 847
21 153 75 134
128 332 135 701
42 655 78 622
81 440 106 207
69 12 146 4
14 342 141 415
78 738 97 896
52 612 80 738
15 732 64 880
33 72 146 590
67 485 100 946
18 155 47 550
18 898 89 929
140 259 150 174
2 684 124 19
85 295 127 301
33 537 43 998
85 757 127 267
91 290 120 217
83 238 84 87
90 766 106 957
46 345 128 769
120 682 145 140
55 881 60 811
2 413 45 343
98 108 120 259
27 369 129 851
17 867 129 543
82 485 143 819
31 600 115 307
12 701 88 338
48 732 138 865
67 727 148 605
