46 8
5 375 7 223
0 694 4 774
1 795 5 168
4 299 5 95
3 612 7 29
5 79 6 774
0 686 4 914
1 190 4 87
0 147 6 577
2 500 7 568
1 945 5 437
1 839 3 872
2 386 7 404
4 655 7 482
3 428 7 140
0 215 6 937
3 249 6 324
0 762 7 163
1 105 4 55
2 968 5 971
1 60 5 55
0 649 6 806
2 805 6 952
2 725 3 984
1 268 6 729
0 891 5 562
1 331 3 654
2 588 6 655
6 212 7 83
5 974 7 981
1 125 7 0
1 475 7 438
0 333 7 22
1 645 7 161
5 730 7 10
2 574 3 618
0 795 1 929
5 12 6 539
0 299 5 258
6 301 7 263
2 204 3 635
5 493 6 785
5 41 7 175
2 844 3 950
2 973 6 1000
5 618 7 318
