512 100
60 616 67 988
38 686 52 852
31 225 53 189
32 76 63 102
7 521 30 624
80 708 96 946
48 928 81 949
36 817 89 854
18 362 84 250
51 901 89 773
26 415 28 22
32 695 47 715
42 153 96 929
21 644 97 196
24 268 33 113
53 902 77 967
27 732 44 990
31 160 57 139
62 231 93 71
78 533 80 327
25 383 60 236
6 73 33 24
9 319 15 40
32 208 81 111
20 938 22 623
11 414 16 244
39 180 43 342
44 227 92 124
51 146 99 430
11 765 94 545
8 380 67 931
9 387 69 987
63 875 82 409
9 460 59 82
0 282 3 97
12 686 72 534
11 581 92 441
22 666 63 896
0 250 52 984
36 294 84 96
33 767 87 68
11 623 67 343
9 820 41 956
38 664 45 325
13 770 41 962
12 578 43 499
48 692 84 974
16 659 41 307
25 168 68 142
1 890 40 995
88 19 98 251
43 412 92 117
42 330 54 680
57 83 95 38
48 408 96 442
21 649 97 940
17 239 99 34
58 883 86 595
75 22 78 19
4 250 12 255
87 83 97 42
58 53 60 39
15 48 56 453
42 457 67 426
9 942 20 959
3 434 72 482
28 437 34 608
14 583 32 135
66 404 99 755
19 59 71 41
31 837 84 637
22 359 25 716
0 495 95 749
33 291 93 2
73 617 90 789
63 156 89 7
2 243 65 157
26 699 36 470
32 143 34 337
31 324 56 415
87 450 88 407
66 775 87 552
2 487 95 862
34 459 41 850
39 171 51 19
55 104 77 251
59 937 85 988
42 242 91 235
42 418 58 210
12 319 79 310
35 377 45 688
70 349 81 864
58 25 96 315
30 455 81 25
17 53 37 303
42 986 48 662
27 982 76 1000
79 535 97 1
56 690 57 921
39 98 77 559
23 486 81 174
93 464 99 592
3 852 19 543
71 417 81 601
44 138 81 93
21 710 79 927
12 604 83 720
6 974 49 832
5 210 17 205
18 397 44 426
18 718 37 822
17 201 91 924
0 179 22 178
43 801 70 812
46 910 88 375
38 341 59 150
55 265 69 406
66 604 97 738
80 156 89 896
14 597 16 63
52 342 66 97
75 907 93 664
57 392 71 539
7 796 29 706
3 335 51 313
3 179 58 27
65 709 90 810
46 141 83 34
28 978 77 1000
12 641 32 135
12 623 89 388
5 505 42 901
15 867 26 956
50 904 85 819
17 826 54 998
8 332 86 71
19 187 35 557
18 55 43 22
33 625 40 103
92 964 94 736
35 658 83 161
25 348 39 338
27 918 35 957
27 234 58 372
15 669 25 787
27 121 61 885
1 590 23 741
61 566 75 302
26 535 50 427
47 779 59 839
49 65 88 5
44 126 72 918
35 234 66 60
91 705 98 271
46 501 52 574
24 866 75 199
11 96 95 289
35 720 72 10
6 157 44 142
64 410 70 743
36 36 95 244
58 395 68 350
61 972 99 750
17 638 84 635
25 908 50 45
48 848 53 969
17 299 39 203
89 745 90 793
17 887 56 973
42 290 90 265
44 25 83 9
53 650 58 195
9 634 40 914
34 120 42 438
39 588 97 523
41 461 72 674
66 482 89 175
72 111 83 90
43 310 45 352
60 518 72 812
36 360 80 392
24 262 85 167
49 551 63 365
45 495 55 77
46 322 98 95
27 122 29 949
14 990 84 487
2 471 72 896
15 251 66 256
33 236 82 214
70 498 89 194
23 523 94 362
3 420 41 72
13 550 72 962
13 523 17 625
13 851 73 940
16 216 84 202
26 251 62 0
35 419 47 96
35 139 68 26
0 823 79 861
40 513 99 564
25 13 42 5
64 922 76 955
34 28 71 25
9 851 38 950
8 314 16 116
42 627 55 59
83 701 97 388
30 228 63 662
54 824 77 998
32 183 65 48
44 405 55 264
9 317 42 565
70 345 75 298
16 539 31 565
78 161 89 439
30 717 94 147
49 912 64 403
25 784 44 97
77 373 96 227
0 853 17 199
25 891 77 439
70 434 75 562
51 767 60 71
23 522 86 271
90 70 97 31
2 821 81 672
56 690 70 721
59 336 87 667
67 703 79 860
47 774 91 820
73 66 88 752
1 849 23 913
1 122 26 590
46 863 75 193
42 841 75 101
13 903 72 985
2 433 9 217
0 282 70 117
0 694 33 854
8 607 95 288
70 661 92 69
9 996 74 1000
1 744 43 997
43 71 70 15
10 455 29 377
72 222 79 17
28 493 72 569
6 280 34 165
53 866 87 40
47 426 52 94
62 942 94 949
51 230 76 360
69 287 70 82
74 922 94 993
20 208 81 113
10 912 97 25
15 413 34 967
18 432 65 305
17 917 21 712
67 539 92 310
30 183 50 150
23 338 77 984
5 869 8 34
68 903 70 162
8 671 89 234
21 608 47 812
81 979 85 999
3 430 64 699
19 277 44 389
26 33 76 963
24 641 92 156
47 203 48 188
49 806 78 716
0 533 29 517
32 178 65 16
6 565 50 303
18 250 72 907
6 847 72 978
4 602 70 90
42 991 84 577
10 306 58 535
59 895 65 813
29 196 51 467
57 689 80 105
21 227 86 873
68 30 85 402
3 167 6 601
5 456 75 182
62 923 94 50
0 816 78 621
3 658 22 203
24 847 30 656
2 940 68 799
80 87 81 862
18 421 23 25
33 421 66 123
68 424 91 1000
51 75 79 512
14 322 20 67
4 595 58 742
21 556 83 929
25 600 99 514
40 119 53 626
40 393 67 175
43 588 85 941
62 306 89 739
9 212 83 567
46 465 94 391
16 460 23 275
65 362 66 696
53 325 68 112
20 379 39 275
18 746 42 865
0 644 57 497
30 149 39 44
53 384 55 199
50 814 87 851
7 689 89 133
41 829 93 283
63 932 83 517
23 389 25 882
24 823 55 532
6 67 22 25
48 396 55 264
43 281 49 979
11 213 93 352
6 222 46 966
57 210 98 571
49 11 87 8
50 485 74 331
42 66 68 623
83 759 96 822
54 596 63 714
2 93 87 8
29 282 59 997
3 916 7 590
9 521 67 345
36 825 44 917
18 709 80 172
28 39 62 20
0 922 85 395
62 761 71 730
46 509 54 218
83 365 89 362
57 629 92 408
14 202 92 86
61 999 64 671
2 790 40 103
46 685 94 360
22 64 55 40
53 256 84 198
47 220 66 204
19 716 28 773
64 55 96 747
45 980 93 860
38 498 86 330
10 578 18 432
62 79 81 329
28 67 91 443
45 93 46 74
72 825 90 613
20 312 51 196
25 165 88 62
65 818 82 796
34 963 65 607
28 426 61 842
28 836 91 981
56 654 63 831
1 524 26 874
30 594 81 876
14 776 97 635
58 343 71 14
31 227 45 713
22 889 83 962
70 542 71 154
19 497 40 665
37 178 42 687
9 23 39 56
50 51 90 44
0 737 4 972
33 636 78 71
49 590 93 158
50 185 63 539
32 226 85 843
35 281 64 253
78 940 93 306
14 163 96 86
40 346 44 682
31 858 73 988
8 225 35 410
30 370 39 102
25 865 29 842
13 331 94 901
2 825 36 552
11 662 14 927
9 748 39 220
79 206 84 136
45 526 97 268
15 534 85 731
23 35 42 604
1 527 13 983
71 690 88 892
17 671 81 917
33 352 93 538
16 476 80 708
53 27 54 8
29 66 59 614
63 439 89 288
39 646 72 810
1 321 8 288
28 390 38 748
72 758 79 385
17 313 67 77
12 80 50 36
17 115 75 82
20 111 77 390
4 774 68 142
32 15 97 2
16 207 77 422
83 411 94 150
0 982 1 653
21 726 66 758
49 102 69 930
79 647 86 623
6 906 90 556
29 280 62 274
10 640 18 944
4 902 51 87
79 388 88 44
35 774 95 711
11 307 57 433
81 481 93 230
29 501 78 692
17 981 37 989
50 780 85 999
1 498 42 980
43 636 79 863
57 165 99 1
43 444 72 447
68 975 75 976
65 456 85 518
86 749 93 764
58 226 91 309
10 48 93 978
15 767 37 902
20 954 45 86
79 21 80 6
6 280 88 185
38 606 90 447
15 20 91 285
26 58 50 8
25 127 55 107
0 262 82 171
20 811 65 721
15 874 93 986
69 804 73 916
17 781 97 302
48 876 71 918
40 159 87 636
16 771 27 194
34 575 72 985
47 816 81 836
1 708 63 729
68 827 85 961
11 233 36 712
24 590 28 284
28 74 94 659
7 353 96 160
33 333 39 197
3 531 41 961
9 323 98 686
30 485 41 387
4 441 65 388
13 442 20 544
13 429 46 572
4 524 96 513
36 567 60 104
0 472 85 832
21 683 59 833
47 356 50 239
72 879 79 929
53 595 69 583
45 784 67 423
61 752 98 431
19 128 50 50
15 127 31 804
15 149 28 360
4 69 16 478
46 135 77 913
40 391 66 625
12 794 55 340
41 352 67 158
40 668 85 983
1 703 83 859
9 964 82 973
88 960 99 588
35 667 81 569
71 24 75 23
1 60 31 743
14 235 70 153
49 99 74 91
32 435 92 956
17 237 74 114
30 152 71 93
26 907 92 182
77 89 84 78
31 962 97 875
80 832 82 937
37 704 38 189
35 330 89 26
