274 43
4 861 20 940
12 166 40 213
15 629 33 859
9 163 29 340
0 867 13 342
20 288 40 894
10 177 28 458
8 245 12 492
7 693 39 879
18 711 22 804
11 156 27 356
15 301 38 258
19 803 36 915
13 84 21 522
34 240 37 421
22 226 40 100
10 752 21 269
15 20 40 210
13 601 22 866
19 772 32 773
9 500 14 985
15 440 34 351
25 255 27 346
30 696 39 922
9 174 30 113
27 736 41 597
3 51 32 17
15 698 36 925
15 877 37 851
24 950 32 955
15 545 32 978
34 466 40 789
7 235 10 241
6 537 17 894
33 998 36 999
34 975 37 553
10 168 38 3
13 92 19 116
10 577 34 62
10 452 39 972
0 370 41 75
13 874 21 681
25 927 27 947
14 633 31 112
2 534 4 486
40 271 42 517
24 364 29 949
10 840 19 668
37 14 40 3
1 138 28 440
30 145 33 265
34 492 38 654
25 83 28 884
2 583 14 237
32 509 41 257
14 473 27 807
1 392 25 803
11 355 28 470
22 210 23 60
17 956 22 318
12 941 40 22
12 281 42 392
13 830 29 966
25 438 37 115
13 687 16 718
4 502 5 969
14 67 23 675
6 990 25 995
28 739 37 875
33 611 37 971
4 266 10 499
12 150 18 139
9 753 17 788
7 166 31 122
26 531 37 525
7 822 29 883
1 204 14 91
12 953 30 657
5 425 33 110
21 920 29 978
19 562 37 131
8 345 10 940
3 195 37 163
32 237 41 134
3 464 34 418
4 203 30 315
4 889 22 891
10 927 15 840
4 844 23 904
15 187 33 994
16 838 25 887
26 379 39 432
25 41 27 38
19 731 42 860
5 997 36 999
15 508 24 265
13 755 40 812
15 297 17 333
12 663 38 526
4 98 41 12
10 720 21 747
16 135 34 93
36 561 39 740
7 640 31 335
3 91 15 960
14 699 17 942
0 883 22 611
4 548 18 80
34 393 39 822
3 95 4 19
35 424 37 358
14 431 29 847
15 978 35 991
20 779 34 743
29 307 39 442
5 452 15 365
2 461 23 80
5 683 11 690
7 52 23 784
8 480 29 71
39 53 41 10
3 368 15 142
2 416 35 964
34 349 39 821
12 624 29 532
16 678 20 158
4 206 23 65
21 765 33 959
18 241 32 649
26 612 33 755
20 67 22 6
1 851 18 755
21 799 42 976
11 222 42 124
2 304 33 277
25 855 27 995
31 897 34 801
10 739 20 968
27 876 33 1
21 891 39 975
2 336 41 326
1 34 8 28
20 594 31 410
9 726 17 780
27 913 41 410
2 933 4 103
12 216 35 16
10 36 37 22
20 861 34 191
9 426 17 883
25 55 35 577
11 12 30 5
20 211 28 104
3 906 29 337
2 739 30 293
22 863 31 836
25 347 40 190
3 199 38 107
5 953 19 995
6 172 23 113
14 547 36 465
8 868 31 483
26 531 41 444
6 147 14 70
5 115 12 423
19 566 23 309
10 301 38 26
9 262 42 1
22 771 24 201
22 331 28 354
25 895 40 757
3 636 4 92
37 25 38 909
22 389 23 129
9 403 27 295
19 749 34 436
2 522 14 181
21 569 35 751
3 504 33 58
28 384 39 125
23 908 35 989
8 260 18 136
25 672 32 578
22 238 26 541
6 749 7 383
16 729 35 126
11 659 27 525
33 320 40 86
4 98 22 620
2 439 5 138
33 168 35 681
0 986 2 996
10 239 41 622
22 240 41 28
12 641 39 247
1 448 4 395
36 503 40 226
40 559 41 734
11 618 35 6
9 55 13 310
9 235 26 153
19 50 30 351
8 594 23 337
13 425 37 131
27 517 39 232
40 661 42 30
24 898 34 267
24 451 41 514
39 414 40 3
0 772 29 653
21 33 31 619
19 916 31 554
2 360 22 241
1 720 21 540
17 730 30 361
30 753 42 890
13 651 29 939
0 726 8 799
29 992 37 219
6 704 28 841
11 281 17 630
30 770 41 430
6 651 8 901
20 328 42 992
16 592 35 110
8 759 36 966
7 747 41 432
6 204 19 96
17 725 32 29
29 79 35 6
38 270 40 507
22 443 30 50
24 437 28 828
12 902 36 850
3 587 39 704
11 370 32 420
13 439 31 828
28 135 36 886
1 874 27 698
12 867 37 354
7 123 15 86
8 761 26 783
4 21 28 871
14 916 40 352
9 753 12 719
13 873 29 941
2 645 39 583
1 221 26 74
7 127 12 213
11 373 37 143
25 343 35 820
15 580 32 966
11 785 21 235
19 976 25 984
14 690 27 775
11 248 15 127
36 527 39 779
10 106 32 118
12 198 35 459
0 620 2 414
2 671 26 34
15 808 34 844
19 652 23 322
32 537 36 649
2 636 38 199
20 408 40 42
19 28 20 946
4 186 24 199
5 749 38 703
25 832 28 837
3 274 33 213
18 164 28 604
6 866 19 889
12 854 40 685
